# Область, мм = (10.000,82.000,0.000)
# Шаг, мм = (0.800,1.000,0.001)
# Передача, шагов/мм = (100,100,100)
# Чувствительность, мкВ/мТл = 111.600

-1.440	79.130	0.000	-0.083
-0.640	79.130	0.000	-0.093
0.160	79.130	0.000	-0.100
0.960	79.130	0.000	-0.112
1.760	79.130	0.000	-0.128
2.560	79.130	0.000	-0.143
3.360	79.130	0.000	-0.147
4.160	79.130	0.000	-0.147
4.960	79.130	0.000	-0.148
5.760	79.130	0.000	-0.144
6.560	79.130	0.000	-0.119
7.360	79.130	0.000	-0.116
8.160	79.130	0.000	-0.095
8.960	79.130	0.000	-0.090
-1.440	80.130	0.000	-0.089
-0.640	80.130	0.000	-0.098
0.160	80.130	0.000	-0.122
0.960	80.130	0.000	-0.137
1.760	80.130	0.000	-0.158
2.560	80.130	0.000	-0.175
3.360	80.130	0.000	-0.207
4.160	80.130	0.000	-0.217
4.960	80.130	0.000	-0.209
5.760	80.130	0.000	-0.192
6.560	80.130	0.000	-0.158
7.360	80.130	0.000	-0.137
8.160	80.130	0.000	-0.123
8.960	80.130	0.000	-0.100
-1.440	81.130	0.000	-0.105
-0.640	81.130	0.000	-0.122
0.160	81.130	0.000	-0.137
0.960	81.130	0.000	-0.178
1.760	81.130	0.000	-0.228
2.560	81.130	0.000	-0.286
3.360	81.130	0.000	-0.326
4.160	81.130	0.000	-0.349
4.960	81.130	0.000	-0.341
5.760	81.130	0.000	-0.302
6.560	81.130	0.000	-0.247
7.360	81.130	0.000	-0.186
8.160	81.130	0.000	-0.149
8.960	81.130	0.000	-0.125
-1.440	82.130	0.000	-0.116
-0.640	82.130	0.000	-0.138
0.160	82.130	0.000	-0.181
0.960	82.130	0.000	-0.250
1.760	82.130	0.000	-0.306
2.560	82.130	0.000	-0.215
3.360	82.130	0.000	-0.161
4.160	82.130	0.000	-0.152
4.960	82.130	0.000	-0.125
5.760	82.130	0.000	-0.217
6.560	82.130	0.000	-0.329
7.360	82.130	0.000	-0.267
8.160	82.130	0.000	-0.201
8.960	82.130	0.000	-0.150
-1.440	83.130	0.000	-0.130
-0.640	83.130	0.000	-0.168
0.160	83.130	0.000	-0.230
0.960	83.130	0.000	-0.328
1.760	83.130	0.000	-0.376
2.560	83.130	0.000	0.278
3.360	83.130	0.000	1.404
4.160	83.130	0.000	1.788
4.960	83.130	0.000	1.380
5.760	83.130	0.000	0.340
6.560	83.130	0.000	-0.425
7.360	83.130	0.000	-0.357
8.160	83.130	0.000	-0.250
8.960	83.130	0.000	-0.183
-1.440	84.130	0.000	-0.145
-0.640	84.130	0.000	-0.202
0.160	84.130	0.000	-0.272
0.960	84.130	0.000	-0.398
1.760	84.130	0.000	-0.487
2.560	84.130	0.000	0.321
3.360	84.130	0.000	2.210
4.160	84.130	0.000	3.304
4.960	84.130	0.000	2.034
5.760	84.130	0.000	0.164
6.560	84.130	0.000	-0.571
7.360	84.130	0.000	-0.442
8.160	84.130	0.000	-0.290
8.960	84.130	0.000	-0.200
-1.440	85.130	0.000	-0.157
-0.640	85.130	0.000	-0.221
0.160	85.130	0.000	-0.307
0.960	85.130	0.000	-0.460
1.760	85.130	0.000	-0.583
2.560	85.130	0.000	0.205
3.360	85.130	0.000	2.220
4.160	85.130	0.000	3.576
4.960	85.130	0.000	2.053
5.760	85.130	0.000	0.002
6.560	85.130	0.000	-0.687
7.360	85.130	0.000	-0.500
8.160	85.130	0.000	-0.330
8.960	85.130	0.000	-0.233
-1.440	86.130	0.000	-0.171
-0.640	86.130	0.000	-0.230
0.160	86.130	0.000	-0.338
0.960	86.130	0.000	-0.501
1.760	86.130	0.000	-0.634
2.560	86.130	0.000	0.143
3.360	86.130	0.000	2.194
4.160	86.130	0.000	3.594
4.960	86.130	0.000	2.046
5.760	86.130	0.000	-0.018
6.560	86.130	0.000	-0.747
7.360	86.130	0.000	-0.546
8.160	86.130	0.000	-0.358
8.960	86.130	0.000	-0.245
-1.440	87.130	0.000	-0.187
-0.640	87.130	0.000	-0.252
0.160	87.130	0.000	-0.358
0.960	87.130	0.000	-0.535
1.760	87.130	0.000	-0.677
2.560	87.130	0.000	0.054
3.360	87.130	0.000	2.040
4.160	87.130	0.000	3.604
4.960	87.130	0.000	2.273
5.760	87.130	0.000	0.097
6.560	87.130	0.000	-0.782
7.360	87.130	0.000	-0.581
8.160	87.130	0.000	-0.378
8.960	87.130	0.000	-0.264
-1.440	88.130	0.000	-0.183
-0.640	88.130	0.000	-0.263
0.160	88.130	0.000	-0.372
0.960	88.130	0.000	-0.547
1.760	88.130	0.000	-0.710
2.560	88.130	0.000	-0.018
3.360	88.130	0.000	1.936
4.160	88.130	0.000	3.419
4.960	88.130	0.000	2.004
5.760	88.130	0.000	-0.050
6.560	88.130	0.000	-0.820
7.360	88.130	0.000	-0.602
8.160	88.130	0.000	-0.404
8.960	88.130	0.000	-0.277
-1.440	89.130	0.000	-0.200
-0.640	89.130	0.000	-0.261
0.160	89.130	0.000	-0.378
0.960	89.130	0.000	-0.560
1.760	89.130	0.000	-0.707
2.560	89.130	0.000	0.019
3.360	89.130	0.000	2.055
4.160	89.130	0.000	3.427
4.960	89.130	0.000	1.975
5.760	89.130	0.000	-0.022
6.560	89.130	0.000	-0.825
7.360	89.130	0.000	-0.617
8.160	89.130	0.000	-0.410
8.960	89.130	0.000	-0.274
-1.440	90.130	0.000	-0.202
-0.640	90.130	0.000	-0.272
0.160	90.130	0.000	-0.387
0.960	90.130	0.000	-0.564
1.760	90.130	0.000	-0.722
2.560	90.130	0.000	-0.000
3.360	90.130	0.000	2.036
4.160	90.130	0.000	3.623
4.960	90.130	0.000	2.343
5.760	90.130	0.000	0.155
6.560	90.130	0.000	-0.822
7.360	90.130	0.000	-0.625
8.160	90.130	0.000	-0.413
8.960	90.130	0.000	-0.285
-1.440	91.130	0.000	-0.210
-0.640	91.130	0.000	-0.272
0.160	91.130	0.000	-0.390
0.960	91.130	0.000	-0.574
1.760	91.130	0.000	-0.725
2.560	91.130	0.000	0.004
3.360	91.130	0.000	2.055
4.160	91.130	0.000	3.487
4.960	91.130	0.000	2.136
5.760	91.130	0.000	0.133
6.560	91.130	0.000	-0.819
7.360	91.130	0.000	-0.633
8.160	91.130	0.000	-0.423
8.960	91.130	0.000	-0.294
-1.440	92.130	0.000	-0.207
-0.640	92.130	0.000	-0.274
0.160	92.130	0.000	-0.387
0.960	92.130	0.000	-0.565
1.760	92.130	0.000	-0.738
2.560	92.130	0.000	-0.036
3.360	92.130	0.000	1.956
4.160	92.130	0.000	3.532
4.960	92.130	0.000	2.261
5.760	92.130	0.000	0.092
6.560	92.130	0.000	-0.828
7.360	92.130	0.000	-0.632
8.160	92.130	0.000	-0.417
8.960	92.130	0.000	-0.294
-1.440	93.130	0.000	-0.203
-0.640	93.130	0.000	-0.281
0.160	93.130	0.000	-0.389
0.960	93.130	0.000	-0.567
1.760	93.130	0.000	-0.735
2.560	93.130	0.000	-0.021
3.360	93.130	0.000	2.027
4.160	93.130	0.000	3.406
4.960	93.130	0.000	1.902
5.760	93.130	0.000	-0.053
6.560	93.130	0.000	-0.829
7.360	93.130	0.000	-0.621
8.160	93.130	0.000	-0.417
8.960	93.130	0.000	-0.283
-1.440	94.130	0.000	-0.210
-0.640	94.130	0.000	-0.275
0.160	94.130	0.000	-0.387
0.960	94.130	0.000	-0.556
1.760	94.130	0.000	-0.715
2.560	94.130	0.000	0.007
3.360	94.130	0.000	2.076
4.160	94.130	0.000	3.387
4.960	94.130	0.000	1.829
5.760	94.130	0.000	-0.175
6.560	94.130	0.000	-0.838
7.360	94.130	0.000	-0.612
8.160	94.130	0.000	-0.412
8.960	94.130	0.000	-0.284
-1.440	95.130	0.000	-0.202
-0.640	95.130	0.000	-0.274
0.160	95.130	0.000	-0.376
0.960	95.130	0.000	-0.554
1.760	95.130	0.000	-0.719
2.560	95.130	0.000	-0.084
3.360	95.130	0.000	1.848
4.160	95.130	0.000	3.240
4.960	95.130	0.000	1.816
5.760	95.130	0.000	-0.141
6.560	95.130	0.000	-0.810
7.360	95.130	0.000	-0.609
8.160	95.130	0.000	-0.408
8.960	95.130	0.000	-0.283
-1.440	96.130	0.000	-0.204
-0.640	96.130	0.000	-0.272
0.160	96.130	0.000	-0.375
0.960	96.130	0.000	-0.554
1.760	96.130	0.000	-0.712
2.560	96.130	0.000	-0.108
3.360	96.130	0.000	1.750
4.160	96.130	0.000	3.225
4.960	96.130	0.000	1.938
5.760	96.130	0.000	-0.020
6.560	96.130	0.000	-0.793
7.360	96.130	0.000	-0.604
8.160	96.130	0.000	-0.408
8.960	96.130	0.000	-0.282
-1.440	97.130	0.000	-0.200
-0.640	97.130	0.000	-0.273
0.160	97.130	0.000	-0.375
0.960	97.130	0.000	-0.541
1.760	97.130	0.000	-0.700
2.560	97.130	0.000	-0.069
3.360	97.130	0.000	1.917
4.160	97.130	0.000	3.432
4.960	97.130	0.000	2.162
5.760	97.130	0.000	0.110
6.560	97.130	0.000	-0.772
7.360	97.130	0.000	-0.599
8.160	97.130	0.000	-0.403
8.960	97.130	0.000	-0.284
-1.440	98.130	0.000	-0.197
-0.640	98.130	0.000	-0.266
0.160	98.130	0.000	-0.372
0.960	98.130	0.000	-0.540
1.760	98.130	0.000	-0.702
2.560	98.130	0.000	-0.092
3.360	98.130	0.000	1.849
4.160	98.130	0.000	3.153
4.960	98.130	0.000	1.810
5.760	98.130	0.000	0.016
6.560	98.130	0.000	-0.777
7.360	98.130	0.000	-0.593
8.160	98.130	0.000	-0.407
8.960	98.130	0.000	-0.282
-1.440	99.130	0.000	-0.198
-0.640	99.130	0.000	-0.258
0.160	99.130	0.000	-0.359
0.960	99.130	0.000	-0.521
1.760	99.130	0.000	-0.691
2.560	99.130	0.000	-0.104
3.360	99.130	0.000	1.826
4.160	99.130	0.000	3.016
4.960	99.130	0.000	1.551
5.760	99.130	0.000	-0.070
6.560	99.130	0.000	-0.772
7.360	99.130	0.000	-0.587
8.160	99.130	0.000	-0.396
8.960	99.130	0.000	-0.276
-1.440	100.130	0.000	-0.193
-0.640	100.130	0.000	-0.260
0.160	100.130	0.000	-0.357
0.960	100.130	0.000	-0.518
1.760	100.130	0.000	-0.683
2.560	100.130	0.000	-0.115
3.360	100.130	0.000	1.775
4.160	100.130	0.000	3.162
4.960	100.130	0.000	1.978
5.760	100.130	0.000	0.088
6.560	100.130	0.000	-0.748
7.360	100.130	0.000	-0.585
8.160	100.130	0.000	-0.393
8.960	100.130	0.000	-0.277
-1.440	101.130	0.000	-0.193
-0.640	101.130	0.000	-0.251
0.160	101.130	0.000	-0.346
0.960	101.130	0.000	-0.508
1.760	101.130	0.000	-0.666
2.560	101.130	0.000	-0.043
3.360	101.130	0.000	1.865
4.160	101.130	0.000	3.115
4.960	101.130	0.000	1.705
5.760	101.130	0.000	-0.132
6.560	101.130	0.000	-0.749
7.360	101.130	0.000	-0.557
8.160	101.130	0.000	-0.380
8.960	101.130	0.000	-0.270
-1.440	102.130	0.000	-0.190
-0.640	102.130	0.000	-0.247
0.160	102.130	0.000	-0.339
0.960	102.130	0.000	-0.498
1.760	102.130	0.000	-0.651
2.560	102.130	0.000	-0.068
3.360	102.130	0.000	1.745
4.160	102.130	0.000	3.128
4.960	102.130	0.000	1.781
5.760	102.130	0.000	0.007
6.560	102.130	0.000	-0.729
7.360	102.130	0.000	-0.562
8.160	102.130	0.000	-0.380
8.960	102.130	0.000	-0.266
-1.440	103.130	0.000	-0.186
-0.640	103.130	0.000	-0.238
0.160	103.130	0.000	-0.342
0.960	103.130	0.000	-0.484
1.760	103.130	0.000	-0.645
2.560	103.130	0.000	-0.216
3.360	103.130	0.000	1.365
4.160	103.130	0.000	2.825
4.960	103.130	0.000	1.682
5.760	103.130	0.000	-0.017
6.560	103.130	0.000	-0.707
7.360	103.130	0.000	-0.558
8.160	103.130	0.000	-0.379
8.960	103.130	0.000	-0.268
-1.440	104.130	0.000	-0.184
-0.640	104.130	0.000	-0.242
0.160	104.130	0.000	-0.331
0.960	104.130	0.000	-0.471
1.760	104.130	0.000	-0.637
2.560	104.130	0.000	-0.182
3.360	104.130	0.000	1.440
4.160	104.130	0.000	2.896
4.960	104.130	0.000	1.761
5.760	104.130	0.000	0.078
6.560	104.130	0.000	-0.705
7.360	104.130	0.000	-0.557
8.160	104.130	0.000	-0.376
8.960	104.130	0.000	-0.265
-1.440	105.130	0.000	-0.184
-0.640	105.130	0.000	-0.234
0.160	105.130	0.000	-0.333
0.960	105.130	0.000	-0.468
1.760	105.130	0.000	-0.622
2.560	105.130	0.000	-0.190
3.360	105.130	0.000	1.394
4.160	105.130	0.000	2.896
4.960	105.130	0.000	1.969
5.760	105.130	0.000	0.213
6.560	105.130	0.000	-0.697
7.360	105.130	0.000	-0.554
8.160	105.130	0.000	-0.368
8.960	105.130	0.000	-0.261
-1.440	106.130	0.000	-0.178
-0.640	106.130	0.000	-0.232
0.160	106.130	0.000	-0.324
0.960	106.130	0.000	-0.460
1.760	106.130	0.000	-0.608
2.560	106.130	0.000	-0.186
3.360	106.130	0.000	1.333
4.160	106.130	0.000	2.860
4.960	106.130	0.000	2.066
5.760	106.130	0.000	0.316
6.560	106.130	0.000	-0.658
7.360	106.130	0.000	-0.551
8.160	106.130	0.000	-0.370
8.960	106.130	0.000	-0.267
-1.440	107.130	0.000	-0.168
-0.640	107.130	0.000	-0.226
0.160	107.130	0.000	-0.315
0.960	107.130	0.000	-0.455
1.760	107.130	0.000	-0.604
2.560	107.130	0.000	-0.178
3.360	107.130	0.000	1.266
4.160	107.130	0.000	2.597
4.960	107.130	0.000	1.610
5.760	107.130	0.000	-0.038
6.560	107.130	0.000	-0.690
7.360	107.130	0.000	-0.544
8.160	107.130	0.000	-0.369
8.960	107.130	0.000	-0.254
-1.440	108.130	0.000	-0.169
-0.640	108.130	0.000	-0.225
0.160	108.130	0.000	-0.309
0.960	108.130	0.000	-0.454
1.760	108.130	0.000	-0.596
2.560	108.130	0.000	-0.178
3.360	108.130	0.000	1.199
4.160	108.130	0.000	2.531
4.960	108.130	0.000	1.544
5.760	108.130	0.000	0.026
6.560	108.130	0.000	-0.670
7.360	108.130	0.000	-0.532
8.160	108.130	0.000	-0.356
8.960	108.130	0.000	-0.251
-1.440	109.130	0.000	-0.166
-0.640	109.130	0.000	-0.219
0.160	109.130	0.000	-0.303
0.960	109.130	0.000	-0.448
1.760	109.130	0.000	-0.591
2.560	109.130	0.000	-0.130
3.360	109.130	0.000	1.525
4.160	109.130	0.000	3.064
4.960	109.130	0.000	2.124
5.760	109.130	0.000	0.250
6.560	109.130	0.000	-0.648
7.360	109.130	0.000	-0.526
8.160	109.130	0.000	-0.358
8.960	109.130	0.000	-0.254
-1.440	110.130	0.000	-0.168
-0.640	110.130	0.000	-0.218
0.160	110.130	0.000	-0.300
0.960	110.130	0.000	-0.438
1.760	110.130	0.000	-0.583
2.560	110.130	0.000	-0.165
3.360	110.130	0.000	1.489
4.160	110.130	0.000	3.062
4.960	110.130	0.000	2.064
5.760	110.130	0.000	0.139
6.560	110.130	0.000	-0.655
7.360	110.130	0.000	-0.525
8.160	110.130	0.000	-0.354
8.960	110.130	0.000	-0.248
-1.440	111.130	0.000	-0.156
-0.640	111.130	0.000	-0.212
0.160	111.130	0.000	-0.300
0.960	111.130	0.000	-0.424
1.760	111.130	0.000	-0.577
2.560	111.130	0.000	-0.201
3.360	111.130	0.000	1.222
4.160	111.130	0.000	2.242
4.960	111.130	0.000	1.356
5.760	111.130	0.000	-0.006
6.560	111.130	0.000	-0.653
7.360	111.130	0.000	-0.519
8.160	111.130	0.000	-0.345
8.960	111.130	0.000	-0.242
-1.440	112.130	0.000	-0.160
-0.640	112.130	0.000	-0.208
0.160	112.130	0.000	-0.287
0.960	112.130	0.000	-0.415
1.760	112.130	0.000	-0.555
2.560	112.130	0.000	-0.193
3.360	112.130	0.000	1.119
4.160	112.130	0.000	2.327
4.960	112.130	0.000	1.764
5.760	112.130	0.000	0.333
6.560	112.130	0.000	-0.574
7.360	112.130	0.000	-0.512
8.160	112.130	0.000	-0.342
8.960	112.130	0.000	-0.235
-1.440	113.130	0.000	-0.153
-0.640	113.130	0.000	-0.202
0.160	113.130	0.000	-0.277
0.960	113.130	0.000	-0.394
1.760	113.130	0.000	-0.538
2.560	113.130	0.000	-0.183
3.360	113.130	0.000	1.184
4.160	113.130	0.000	2.622
4.960	113.130	0.000	2.084
5.760	113.130	0.000	0.538
6.560	113.130	0.000	-0.531
7.360	113.130	0.000	-0.501
8.160	113.130	0.000	-0.331
8.960	113.130	0.000	-0.237
-1.440	114.130	0.000	-0.150
-0.640	114.130	0.000	-0.201
0.160	114.130	0.000	-0.273
0.960	114.130	0.000	-0.389
1.760	114.130	0.000	-0.524
2.560	114.130	0.000	-0.145
3.360	114.130	0.000	1.225
4.160	114.130	0.000	2.269
4.960	114.130	0.000	1.700
5.760	114.130	0.000	0.373
6.560	114.130	0.000	-0.542
7.360	114.130	0.000	-0.488
8.160	114.130	0.000	-0.327
8.960	114.130	0.000	-0.232
-1.440	115.130	0.000	-0.145
-0.640	115.130	0.000	-0.199
0.160	115.130	0.000	-0.264
0.960	115.130	0.000	-0.379
1.760	115.130	0.000	-0.507
2.560	115.130	0.000	-0.130
3.360	115.130	0.000	1.110
4.160	115.130	0.000	1.958
4.960	115.130	0.000	1.088
5.760	115.130	0.000	0.061
6.560	115.130	0.000	-0.555
7.360	115.130	0.000	-0.468
8.160	115.130	0.000	-0.321
8.960	115.130	0.000	-0.219
-1.440	116.130	0.000	-0.147
-0.640	116.130	0.000	-0.192
0.160	116.130	0.000	-0.255
0.960	116.130	0.000	-0.364
1.760	116.130	0.000	-0.488
2.560	116.130	0.000	-0.175
3.360	116.130	0.000	0.972
4.160	116.130	0.000	1.842
4.960	116.130	0.000	0.716
5.760	116.130	0.000	-0.183
6.560	116.130	0.000	-0.533
7.360	116.130	0.000	-0.450
8.160	116.130	0.000	-0.305
8.960	116.130	0.000	-0.221
-1.440	117.130	0.000	-0.144
-0.640	117.130	0.000	-0.179
0.160	117.130	0.000	-0.255
0.960	117.130	0.000	-0.358
1.760	117.130	0.000	-0.476
2.560	117.130	0.000	-0.147
3.360	117.130	0.000	1.180
4.160	117.130	0.000	2.397
4.960	117.130	0.000	1.386
5.760	117.130	0.000	-0.051
6.560	117.130	0.000	-0.536
7.360	117.130	0.000	-0.444
8.160	117.130	0.000	-0.303
8.960	117.130	0.000	-0.209
-1.440	118.130	0.000	-0.138
-0.640	118.130	0.000	-0.179
0.160	118.130	0.000	-0.246
0.960	118.130	0.000	-0.347
1.760	118.130	0.000	-0.473
2.560	118.130	0.000	-0.166
3.360	118.130	0.000	1.111
4.160	118.130	0.000	2.535
4.960	118.130	0.000	2.205
5.760	118.130	0.000	0.650
6.560	118.130	0.000	-0.445
7.360	118.130	0.000	-0.438
8.160	118.130	0.000	-0.301
8.960	118.130	0.000	-0.208
-1.440	119.130	0.000	-0.137
-0.640	119.130	0.000	-0.173
0.160	119.130	0.000	-0.232
0.960	119.130	0.000	-0.332
1.760	119.130	0.000	-0.461
2.560	119.130	0.000	-0.351
3.360	119.130	0.000	0.474
4.160	119.130	0.000	1.784
4.960	119.130	0.000	1.364
5.760	119.130	0.000	0.397
6.560	119.130	0.000	-0.460
7.360	119.130	0.000	-0.438
8.160	119.130	0.000	-0.294
8.960	119.130	0.000	-0.206
-1.440	120.130	0.000	-0.124
-0.640	120.130	0.000	-0.164
0.160	120.130	0.000	-0.230
0.960	120.130	0.000	-0.329
1.760	120.130	0.000	-0.436
2.560	120.130	0.000	-0.144
3.360	120.130	0.000	0.995
4.160	120.130	0.000	1.853
4.960	120.130	0.000	1.337
5.760	120.130	0.000	0.279
6.560	120.130	0.000	-0.464
7.360	120.130	0.000	-0.414
8.160	120.130	0.000	-0.281
8.960	120.130	0.000	-0.203
-1.440	121.130	0.000	-0.128
-0.640	121.130	0.000	-0.165
0.160	121.130	0.000	-0.222
0.960	121.130	0.000	-0.326
1.760	121.130	0.000	-0.430
2.560	121.130	0.000	-0.159
3.360	121.130	0.000	1.050
4.160	121.130	0.000	1.479
4.960	121.130	0.000	0.773
5.760	121.130	0.000	-0.161
6.560	121.130	0.000	-0.519
7.360	121.130	0.000	-0.398
8.160	121.130	0.000	-0.275
8.960	121.130	0.000	-0.192
-1.440	122.130	0.000	-0.127
-0.640	122.130	0.000	-0.161
0.160	122.130	0.000	-0.214
0.960	122.130	0.000	-0.314
1.760	122.130	0.000	-0.432
2.560	122.130	0.000	-0.206
3.360	122.130	0.000	1.045
4.160	122.130	0.000	2.003
4.960	122.130	0.000	1.426
5.760	122.130	0.000	0.385
6.560	122.130	0.000	-0.404
7.360	122.130	0.000	-0.393
8.160	122.130	0.000	-0.273
8.960	122.130	0.000	-0.193
-1.440	123.130	0.000	-0.127
-0.640	123.130	0.000	-0.164
0.160	123.130	0.000	-0.210
0.960	123.130	0.000	-0.307
1.760	123.130	0.000	-0.418
2.560	123.130	0.000	-0.240
3.360	123.130	0.000	0.867
4.160	123.130	0.000	1.912
4.960	123.130	0.000	0.879
5.760	123.130	0.000	0.006
6.560	123.130	0.000	-0.465
7.360	123.130	0.000	-0.390
8.160	123.130	0.000	-0.271
8.960	123.130	0.000	-0.186
-1.440	124.130	0.000	-0.120
-0.640	124.130	0.000	-0.150
0.160	124.130	0.000	-0.215
0.960	124.130	0.000	-0.297
1.760	124.130	0.000	-0.414
2.560	124.130	0.000	-0.262
3.360	124.130	0.000	0.520
4.160	124.130	0.000	1.345
4.960	124.130	0.000	1.396
5.760	124.130	0.000	0.440
6.560	124.130	0.000	-0.404
7.360	124.130	0.000	-0.397
8.160	124.130	0.000	-0.258
8.960	124.130	0.000	-0.191
-1.440	125.130	0.000	-0.117
-0.640	125.130	0.000	-0.150
0.160	125.130	0.000	-0.210
0.960	125.130	0.000	-0.295
1.760	125.130	0.000	-0.404
2.560	125.130	0.000	-0.171
3.360	125.130	0.000	0.851
4.160	125.130	0.000	1.543
4.960	125.130	0.000	1.634
5.760	125.130	0.000	0.506
6.560	125.130	0.000	-0.414
7.360	125.130	0.000	-0.386
8.160	125.130	0.000	-0.257
8.960	125.130	0.000	-0.187
-1.440	126.130	0.000	-0.121
-0.640	126.130	0.000	-0.151
0.160	126.130	0.000	-0.204
0.960	126.130	0.000	-0.297
1.760	126.130	0.000	-0.401
2.560	126.130	0.000	-0.110
3.360	126.130	0.000	1.229
4.160	126.130	0.000	2.143
4.960	126.130	0.000	1.476
5.760	126.130	0.000	0.174
6.560	126.130	0.000	-0.446
7.360	126.130	0.000	-0.370
8.160	126.130	0.000	-0.259
8.960	126.130	0.000	-0.189
-1.440	127.130	0.000	-0.117
-0.640	127.130	0.000	-0.156
0.160	127.130	0.000	-0.204
0.960	127.130	0.000	-0.287
1.760	127.130	0.000	-0.393
2.560	127.130	0.000	-0.206
3.360	127.130	0.000	0.689
4.160	127.130	0.000	1.356
4.960	127.130	0.000	0.835
5.760	127.130	0.000	0.035
6.560	127.130	0.000	-0.454
7.360	127.130	0.000	-0.364
8.160	127.130	0.000	-0.252
8.960	127.130	0.000	-0.187
-1.440	128.130	0.000	-0.120
-0.640	128.130	0.000	-0.144
0.160	128.130	0.000	-0.208
0.960	128.130	0.000	-0.282
1.760	128.130	0.000	-0.385
2.560	128.130	0.000	-0.201
3.360	128.130	0.000	0.681
4.160	128.130	0.000	1.265
4.960	128.130	0.000	0.765
5.760	128.130	0.000	-0.111
6.560	128.130	0.000	-0.442
7.360	128.130	0.000	-0.362
8.160	128.130	0.000	-0.254
8.960	128.130	0.000	-0.184
-1.440	129.130	0.000	-0.113
-0.640	129.130	0.000	-0.155
0.160	129.130	0.000	-0.199
0.960	129.130	0.000	-0.285
1.760	129.130	0.000	-0.398
2.560	129.130	0.000	-0.230
3.360	129.130	0.000	0.595
4.160	129.130	0.000	1.251
4.960	129.130	0.000	0.713
5.760	129.130	0.000	0.040
6.560	129.130	0.000	-0.392
7.360	129.130	0.000	-0.370
8.160	129.130	0.000	-0.263
8.960	129.130	0.000	-0.187
-1.440	130.130	0.000	-0.113
-0.640	130.130	0.000	-0.146
0.160	130.130	0.000	-0.209
0.960	130.130	0.000	-0.289
1.760	130.130	0.000	-0.400
2.560	130.130	0.000	-0.215
3.360	130.130	0.000	0.874
4.160	130.130	0.000	1.771
4.960	130.130	0.000	1.357
5.760	130.130	0.000	0.341
6.560	130.130	0.000	-0.425
7.360	130.130	0.000	-0.399
8.160	130.130	0.000	-0.266
8.960	130.130	0.000	-0.185
-1.440	131.130	0.000	-0.116
-0.640	131.130	0.000	-0.153
0.160	131.130	0.000	-0.212
0.960	131.130	0.000	-0.298
1.760	131.130	0.000	-0.425
2.560	131.130	0.000	-0.251
3.360	131.130	0.000	0.818
4.160	131.130	0.000	1.906
4.960	131.130	0.000	1.600
5.760	131.130	0.000	0.625
6.560	131.130	0.000	-0.385
7.360	131.130	0.000	-0.424
8.160	131.130	0.000	-0.285
8.960	131.130	0.000	-0.199
-1.440	132.130	0.000	-0.121
-0.640	132.130	0.000	-0.152
0.160	132.130	0.000	-0.214
0.960	132.130	0.000	-0.305
1.760	132.130	0.000	-0.427
2.560	132.130	0.000	-0.222
3.360	132.130	0.000	0.858
4.160	132.130	0.000	2.006
4.960	132.130	0.000	2.220
5.760	132.130	0.000	0.881
6.560	132.130	0.000	-0.372
7.360	132.130	0.000	-0.436
8.160	132.130	0.000	-0.294
8.960	132.130	0.000	-0.202
-1.440	133.130	0.000	-0.117
-0.640	133.130	0.000	-0.157
0.160	133.130	0.000	-0.218
0.960	133.130	0.000	-0.301
1.760	133.130	0.000	-0.433
2.560	133.130	0.000	-0.182
3.360	133.130	0.000	1.186
4.160	133.130	0.000	2.345
4.960	133.130	0.000	1.777
5.760	133.130	0.000	0.335
6.560	133.130	0.000	-0.456
7.360	133.130	0.000	-0.435
8.160	133.130	0.000	-0.285
8.960	133.130	0.000	-0.202
-1.440	134.130	0.000	-0.111
-0.640	134.130	0.000	-0.154
0.160	134.130	0.000	-0.214
0.960	134.130	0.000	-0.315
1.760	134.130	0.000	-0.434
2.560	134.130	0.000	-0.272
3.360	134.130	0.000	0.570
4.160	134.130	0.000	1.432
4.960	134.130	0.000	1.259
5.760	134.130	0.000	0.255
6.560	134.130	0.000	-0.444
7.360	134.130	0.000	-0.432
8.160	134.130	0.000	-0.290
8.960	134.130	0.000	-0.203
-1.440	135.130	0.000	-0.123
-0.640	135.130	0.000	-0.151
0.160	135.130	0.000	-0.213
0.960	135.130	0.000	-0.304
1.760	135.130	0.000	-0.428
2.560	135.130	0.000	-0.278
3.360	135.130	0.000	0.574
4.160	135.130	0.000	1.506
4.960	135.130	0.000	1.914
5.760	135.130	0.000	0.887
6.560	135.130	0.000	-0.352
7.360	135.130	0.000	-0.430
8.160	135.130	0.000	-0.290
8.960	135.130	0.000	-0.202
-1.440	136.130	0.000	-0.118
-0.640	136.130	0.000	-0.149
0.160	136.130	0.000	-0.208
0.960	136.130	0.000	-0.298
1.760	136.130	0.000	-0.425
2.560	136.130	0.000	-0.212
3.360	136.130	0.000	0.976
4.160	136.130	0.000	1.749
4.960	136.130	0.000	1.344
5.760	136.130	0.000	0.411
6.560	136.130	0.000	-0.427
7.360	136.130	0.000	-0.421
8.160	136.130	0.000	-0.282
8.960	136.130	0.000	-0.194
-1.440	137.130	0.000	-0.114
-0.640	137.130	0.000	-0.152
0.160	137.130	0.000	-0.206
0.960	137.130	0.000	-0.302
1.760	137.130	0.000	-0.415
2.560	137.130	0.000	-0.193
3.360	137.130	0.000	1.115
4.160	137.130	0.000	1.941
4.960	137.130	0.000	1.259
5.760	137.130	0.000	0.479
6.560	137.130	0.000	-0.334
7.360	137.130	0.000	-0.413
8.160	137.130	0.000	-0.271
8.960	137.130	0.000	-0.193
-1.440	138.130	0.000	-0.115
-0.640	138.130	0.000	-0.151
0.160	138.130	0.000	-0.203
0.960	138.130	0.000	-0.295
1.760	138.130	0.000	-0.414
2.560	138.130	0.000	-0.202
3.360	138.130	0.000	1.088
4.160	138.130	0.000	1.954
4.960	138.130	0.000	1.205
5.760	138.130	0.000	0.201
6.560	138.130	0.000	-0.410
7.360	138.130	0.000	-0.402
8.160	138.130	0.000	-0.270
8.960	138.130	0.000	-0.193
-1.440	139.130	0.000	-0.115
-0.640	139.130	0.000	-0.147
0.160	139.130	0.000	-0.203
0.960	139.130	0.000	-0.290
1.760	139.130	0.000	-0.409
2.560	139.130	0.000	-0.262
3.360	139.130	0.000	0.799
4.160	139.130	0.000	1.619
4.960	139.130	0.000	0.768
5.760	139.130	0.000	0.080
6.560	139.130	0.000	-0.343
7.360	139.130	0.000	-0.391
8.160	139.130	0.000	-0.277
8.960	139.130	0.000	-0.191
-1.440	140.130	0.000	-0.113
-0.640	140.130	0.000	-0.150
0.160	140.130	0.000	-0.202
0.960	140.130	0.000	-0.280
1.760	140.130	0.000	-0.404
2.560	140.130	0.000	-0.394
3.360	140.130	0.000	0.332
4.160	140.130	0.000	1.702
4.960	140.130	0.000	1.437
5.760	140.130	0.000	0.272
6.560	140.130	0.000	-0.317
7.360	140.130	0.000	-0.388
8.160	140.130	0.000	-0.273
8.960	140.130	0.000	-0.189
-1.440	141.130	0.000	-0.114
-0.640	141.130	0.000	-0.146
0.160	141.130	0.000	-0.202
0.960	141.130	0.000	-0.288
1.760	141.130	0.000	-0.398
2.560	141.130	0.000	-0.289
3.360	141.130	0.000	0.505
4.160	141.130	0.000	1.258
4.960	141.130	0.000	1.242
5.760	141.130	0.000	0.247
6.560	141.130	0.000	-0.323
7.360	141.130	0.000	-0.388
8.160	141.130	0.000	-0.274
8.960	141.130	0.000	-0.191
-1.440	142.130	0.000	-0.114
-0.640	142.130	0.000	-0.148
0.160	142.130	0.000	-0.199
0.960	142.130	0.000	-0.288
1.760	142.130	0.000	-0.402
2.560	142.130	0.000	-0.298
3.360	142.130	0.000	0.782
4.160	142.130	0.000	1.711
4.960	142.130	0.000	1.169
5.760	142.130	0.000	0.529
6.560	142.130	0.000	-0.280
7.360	142.130	0.000	-0.407
8.160	142.130	0.000	-0.278
8.960	142.130	0.000	-0.199
-1.440	143.130	0.000	-0.117
-0.640	143.130	0.000	-0.149
0.160	143.130	0.000	-0.195
0.960	143.130	0.000	-0.280
1.760	143.130	0.000	-0.416
2.560	143.130	0.000	-0.380
3.360	143.130	0.000	0.486
4.160	143.130	0.000	1.901
4.960	143.130	0.000	2.053
5.760	143.130	0.000	0.672
6.560	143.130	0.000	-0.378
7.360	143.130	0.000	-0.417
8.160	143.130	0.000	-0.288
8.960	143.130	0.000	-0.201
-1.440	144.130	0.000	-0.111
-0.640	144.130	0.000	-0.143
0.160	144.130	0.000	-0.203
0.960	144.130	0.000	-0.291
1.760	144.130	0.000	-0.418
2.560	144.130	0.000	-0.344
3.360	144.130	0.000	0.562
4.160	144.130	0.000	1.955
4.960	144.130	0.000	1.937
5.760	144.130	0.000	0.399
6.560	144.130	0.000	-0.448
7.360	144.130	0.000	-0.425
8.160	144.130	0.000	-0.282
8.960	144.130	0.000	-0.198
-1.440	145.130	0.000	-0.117
-0.640	145.130	0.000	-0.154
0.160	145.130	0.000	-0.202
0.960	145.130	0.000	-0.298
1.760	145.130	0.000	-0.428
2.560	145.130	0.000	-0.342
3.360	145.130	0.000	0.756
4.160	145.130	0.000	1.845
4.960	145.130	0.000	1.323
5.760	145.130	0.000	0.007
6.560	145.130	0.000	-0.488
7.360	145.130	0.000	-0.428
8.160	145.130	0.000	-0.286
8.960	145.130	0.000	-0.198
-1.440	146.130	0.000	-0.118
-0.640	146.130	0.000	-0.149
0.160	146.130	0.000	-0.212
0.960	146.130	0.000	-0.299
1.760	146.130	0.000	-0.439
2.560	146.130	0.000	-0.398
3.360	146.130	0.000	0.425
4.160	146.130	0.000	1.567
4.960	146.130	0.000	1.801
5.760	146.130	0.000	0.487
6.560	146.130	0.000	-0.430
7.360	146.130	0.000	-0.434
8.160	146.130	0.000	-0.300
8.960	146.130	0.000	-0.201
-1.440	147.130	0.000	-0.118
-0.640	147.130	0.000	-0.157
0.160	147.130	0.000	-0.218
0.960	147.130	0.000	-0.309
1.760	147.130	0.000	-0.449
2.560	147.130	0.000	-0.366
3.360	147.130	0.000	0.821
4.160	147.130	0.000	2.118
4.960	147.130	0.000	1.600
5.760	147.130	0.000	0.330
6.560	147.130	0.000	-0.397
7.360	147.130	0.000	-0.442
8.160	147.130	0.000	-0.304
8.960	147.130	0.000	-0.207
-1.440	148.130	0.000	-0.120
-0.640	148.130	0.000	-0.153
0.160	148.130	0.000	-0.222
0.960	148.130	0.000	-0.316
1.760	148.130	0.000	-0.458
2.560	148.130	0.000	-0.375
3.360	148.130	0.000	0.840
4.160	148.130	0.000	2.252
4.960	148.130	0.000	1.635
5.760	148.130	0.000	0.378
6.560	148.130	0.000	-0.363
7.360	148.130	0.000	-0.454
8.160	148.130	0.000	-0.311
8.960	148.130	0.000	-0.205
-1.440	149.130	0.000	-0.116
-0.640	149.130	0.000	-0.161
0.160	149.130	0.000	-0.218
0.960	149.130	0.000	-0.312
1.760	149.130	0.000	-0.466
2.560	149.130	0.000	-0.396
3.360	149.130	0.000	0.777
4.160	149.130	0.000	2.284
4.960	149.130	0.000	1.956
5.760	149.130	0.000	0.527
6.560	149.130	0.000	-0.361
7.360	149.130	0.000	-0.461
8.160	149.130	0.000	-0.313
8.960	149.130	0.000	-0.213
-1.440	150.130	0.000	-0.117
-0.640	150.130	0.000	-0.155
0.160	150.130	0.000	-0.217
0.960	150.130	0.000	-0.317
1.760	150.130	0.000	-0.463
2.560	150.130	0.000	-0.424
3.360	150.130	0.000	0.654
4.160	150.130	0.000	2.194
4.960	150.130	0.000	2.264
5.760	150.130	0.000	0.796
6.560	150.130	0.000	-0.373
7.360	150.130	0.000	-0.477
8.160	150.130	0.000	-0.319
8.960	150.130	0.000	-0.217
-1.440	151.130	0.000	-0.112
-0.640	151.130	0.000	-0.151
0.160	151.130	0.000	-0.214
0.960	151.130	0.000	-0.306
1.760	151.130	0.000	-0.454
2.560	151.130	0.000	-0.435
3.360	151.130	0.000	0.563
4.160	151.130	0.000	1.971
4.960	151.130	0.000	2.044
5.760	151.130	0.000	0.691
6.560	151.130	0.000	-0.400
7.360	151.130	0.000	-0.480
8.160	151.130	0.000	-0.323
8.960	151.130	0.000	-0.217
-1.440	152.130	0.000	-0.112
-0.640	152.130	0.000	-0.153
0.160	152.130	0.000	-0.210
0.960	152.130	0.000	-0.292
1.760	152.130	0.000	-0.437
2.560	152.130	0.000	-0.422
3.360	152.130	0.000	0.582
4.160	152.130	0.000	2.093
4.960	152.130	0.000	2.222
5.760	152.130	0.000	0.935
6.560	152.130	0.000	-0.288
7.360	152.130	0.000	-0.455
8.160	152.130	0.000	-0.318
8.960	152.130	0.000	-0.213
-1.440	153.130	0.000	-0.113
-0.640	153.130	0.000	-0.146
0.160	153.130	0.000	-0.197
0.960	153.130	0.000	-0.287
1.760	153.130	0.000	-0.421
2.560	153.130	0.000	-0.395
3.360	153.130	0.000	0.658
4.160	153.130	0.000	2.083
4.960	153.130	0.000	1.860
5.760	153.130	0.000	0.552
6.560	153.130	0.000	-0.357
7.360	153.130	0.000	-0.441
8.160	153.130	0.000	-0.298
8.960	153.130	0.000	-0.208
-1.440	154.130	0.000	-0.107
-0.640	154.130	0.000	-0.144
0.160	154.130	0.000	-0.190
0.960	154.130	0.000	-0.266
1.760	154.130	0.000	-0.394
2.560	154.130	0.000	-0.356
3.360	154.130	0.000	0.606
4.160	154.130	0.000	1.766
4.960	154.130	0.000	1.656
5.760	154.130	0.000	0.241
6.560	154.130	0.000	-0.456
7.360	154.130	0.000	-0.422
8.160	154.130	0.000	-0.286
8.960	154.130	0.000	-0.196
-1.440	155.130	0.000	-0.107
-0.640	155.130	0.000	-0.132
0.160	155.130	0.000	-0.176
0.960	155.130	0.000	-0.242
1.760	155.130	0.000	-0.361
2.560	155.130	0.000	-0.319
3.360	155.130	0.000	0.544
4.160	155.130	0.000	1.728
4.960	155.130	0.000	2.134
5.760	155.130	0.000	0.944
6.560	155.130	0.000	-0.206
7.360	155.130	0.000	-0.381
8.160	155.130	0.000	-0.268
8.960	155.130	0.000	-0.189
-1.440	156.130	0.000	-0.101
-0.640	156.130	0.000	-0.127
0.160	156.130	0.000	-0.162
0.960	156.130	0.000	-0.222
1.760	156.130	0.000	-0.308
2.560	156.130	0.000	-0.231
3.360	156.130	0.000	0.678
4.160	156.130	0.000	1.392
4.960	156.130	0.000	1.480
5.760	156.130	0.000	1.020
6.560	156.130	0.000	-0.044
7.360	156.130	0.000	-0.322
8.160	156.130	0.000	-0.242
8.960	156.130	0.000	-0.174
-1.440	157.130	0.000	-0.101
-0.640	157.130	0.000	-0.117
0.160	157.130	0.000	-0.155
0.960	157.130	0.000	-0.193
1.760	157.130	0.000	-0.253
2.560	157.130	0.000	-0.252
3.360	157.130	0.000	-0.031
4.160	157.130	0.000	0.017
4.960	157.130	0.000	-0.009
5.760	157.130	0.000	0.100
6.560	157.130	0.000	-0.143
7.360	157.130	0.000	-0.267
8.160	157.130	0.000	-0.207
8.960	157.130	0.000	-0.159
-1.440	158.130	0.000	-0.099
-0.640	158.130	0.000	-0.118
0.160	158.130	0.000	-0.139
0.960	158.130	0.000	-0.180
1.760	158.130	0.000	-0.216
2.560	158.130	0.000	-0.262
3.360	158.130	0.000	-0.307
4.160	158.130	0.000	-0.344
4.960	158.130	0.000	-0.360
5.760	158.130	0.000	-0.321
6.560	158.130	0.000	-0.279
7.360	158.130	0.000	-0.236
8.160	158.130	0.000	-0.193
8.960	158.130	0.000	-0.153
-1.440	159.130	0.000	-0.102
-0.640	159.130	0.000	-0.126
0.160	159.130	0.000	-0.150
0.960	159.130	0.000	-0.170
1.760	159.130	0.000	-0.206
2.560	159.130	0.000	-0.241
3.360	159.130	0.000	-0.284
4.160	159.130	0.000	-0.301
4.960	159.130	0.000	-0.301
5.760	159.130	0.000	-0.292
6.560	159.130	0.000	-0.263
7.360	159.130	0.000	-0.221
8.160	159.130	0.000	-0.189
8.960	159.130	0.000	-0.160
-1.440	160.130	0.000	-0.121
-0.640	160.130	0.000	-0.138
0.160	160.130	0.000	-0.170
0.960	160.130	0.000	-0.194
1.760	160.130	0.000	-0.235
2.560	160.130	0.000	-0.282
3.360	160.130	0.000	-0.321
4.160	160.130	0.000	-0.348
4.960	160.130	0.000	-0.359
5.760	160.130	0.000	-0.342
6.560	160.130	0.000	-0.302
7.360	160.130	0.000	-0.258
8.160	160.130	0.000	-0.209
8.960	160.130	0.000	-0.176
-1.440	161.130	0.000	-0.133
-0.640	161.130	0.000	-0.153
0.160	161.130	0.000	-0.191
0.960	161.130	0.000	-0.241
1.760	161.130	0.000	-0.305
2.560	161.130	0.000	-0.389
3.360	161.130	0.000	-0.470
4.160	161.130	0.000	-0.536
4.960	161.130	0.000	-0.559
5.760	161.130	0.000	-0.533
6.560	161.130	0.000	-0.446
7.360	161.130	0.000	-0.348
8.160	161.130	0.000	-0.274
8.960	161.130	0.000	-0.210
