0.00000E+0	0.00000E+0	1.41000E-4
0.00000E+0	0.00000E+0	1.39600E-4
0.00000E+0	-1.65007E-7	1.38300E-4
0.00000E+0	-1.44370E-7	1.36900E-4
0.00000E+0	-1.55947E-7	1.35700E-4
0.00000E+0	-1.79100E-7	1.34200E-4
0.00000E+0	-1.81114E-7	1.33300E-4
0.00000E+0	-1.83127E-7	1.31400E-4
0.00000E+0	-1.71047E-7	1.30300E-4
0.00000E+0	-1.86148E-7	1.28900E-4
0.00000E+0	-1.70041E-7	1.27800E-4
0.00000E+0	-1.84638E-7	1.26600E-4
0.00000E+0	-1.65511E-7	1.25200E-4
0.00000E+0	-1.70545E-7	1.23600E-4
0.00000E+0	2.26497E-8	1.27100E-4
0.00000E+0	1.10732E-8	1.20200E-4
0.00000E+0	2.76831E-8	1.18900E-4
2.85000E-1	2.46631E-8	2.70190E-3
5.70000E-1	3.12064E-8	6.83980E-3
8.55000E-1	2.71799E-8	1.12220E-2
1.14000E+0	2.06366E-8	1.53082E-2
1.14000E+0	3.52331E-8	1.50651E-2
1.14000E+0	2.86901E-8	1.54564E-2
1.14000E+0	3.52334E-8	1.52823E-2
1.14000E+0	4.12734E-8	1.54164E-2
1.42500E+0	4.42935E-8	1.93219E-2
1.71000E+0	3.52336E-8	2.34992E-2
1.99500E+0	5.48634E-8	2.71701E-2
1.99500E+0	3.37237E-8	2.73954E-2
1.99500E+0	3.12066E-8	2.72194E-2
1.99500E+0	5.38563E-8	2.71771E-2
1.99500E+0	5.78826E-8	2.70474E-2
1.99500E+0	5.13393E-8	2.70293E-2
1.99500E+0	5.68761E-8	2.71285E-2
1.99500E+0	3.82530E-8	2.67016E-2
1.99500E+0	4.12729E-8	2.65768E-2
1.99500E+0	4.22795E-8	2.65748E-2
1.99500E+0	5.88893E-8	2.61978E-2
1.99500E+0	5.93928E-8	2.63691E-2
1.99500E+0	6.34194E-8	2.59261E-2
1.99500E+0	3.77496E-8	2.63664E-2
1.99500E+0	3.77496E-8	2.59596E-2
1.99500E+0	3.57365E-8	2.57574E-2
1.99500E+0	3.87565E-8	2.56557E-2
1.99500E+0	4.32864E-8	2.58102E-2
1.99500E+0	4.73131E-8	2.52767E-2
1.99500E+0	3.27164E-8	2.55369E-2
1.99500E+0	4.32861E-8	2.54170E-2
1.99500E+0	3.82529E-8	2.53308E-2
1.99500E+0	2.21460E-8	2.46058E-2
1.99500E+0	5.08356E-8	2.48380E-2
1.99500E+0	2.96961E-8	2.47669E-2
1.99500E+0	4.42926E-8	2.47451E-2
1.99500E+0	4.32861E-8	2.46837E-2
1.99500E+0	5.83859E-8	2.44993E-2
1.99500E+0	4.58027E-8	2.41723E-2
1.99500E+0	4.58027E-8	2.45637E-2
1.99500E+0	4.83196E-8	2.43802E-2
1.99500E+0	4.73129E-8	2.43705E-2
1.99500E+0	3.62398E-8	2.43003E-2
1.99500E+0	5.08361E-8	2.41526E-2
1.99500E+0	4.63062E-8	2.40138E-2
1.99500E+0	5.88894E-8	2.40799E-2
1.99500E+0	4.37896E-8	2.37692E-2
1.99500E+0	5.28493E-8	2.39834E-2
1.99500E+0	5.08360E-8	2.36741E-2
1.99500E+0	5.03325E-8	2.34411E-2
1.99500E+0	4.78159E-8	2.36038E-2
1.99500E+0	4.73126E-8	2.36451E-2
1.99500E+0	5.98958E-8	2.38432E-2
1.99500E+0	4.12727E-8	2.38425E-2
1.99500E+0	5.58697E-8	2.34632E-2
1.99500E+0	4.52999E-8	2.35275E-2
1.99500E+0	5.43597E-8	2.35363E-2
1.99500E+0	4.88232E-8	2.32875E-2
1.99500E+0	5.53663E-8	2.33612E-2
1.99500E+0	3.92599E-8	2.35925E-2
1.99500E+0	4.52994E-8	2.30223E-2
1.99500E+0	5.73785E-8	2.32866E-2
1.99500E+0	4.17754E-8	2.32583E-2
1.99500E+0	3.42257E-8	2.30145E-2
1.99500E+0	6.89551E-8	2.31597E-2
1.99500E+0	5.08354E-8	2.28783E-2
1.99500E+0	5.18421E-8	2.25943E-2
1.99500E+0	3.72459E-8	2.27820E-2
1.99500E+0	3.32193E-8	2.23239E-2
1.99500E+0	3.52331E-8	2.24961E-2
1.99500E+0	4.98294E-8	2.29319E-2
1.99500E+0	4.27829E-8	2.20980E-2
1.99500E+0	5.38563E-8	2.20098E-2
1.99500E+0	4.02665E-8	2.25648E-2
1.99500E+0	5.58696E-8	2.20217E-2
1.99500E+0	5.68763E-8	2.18410E-2
1.99500E+0	5.33528E-8	2.16371E-2
1.99500E+0	6.24127E-8	2.18015E-2
1.99500E+0	4.68096E-8	2.16173E-2
1.99500E+0	4.93262E-8	2.15140E-2
1.99500E+0	4.32859E-8	2.13810E-2
1.99500E+0	5.13389E-8	2.13486E-2
1.99500E+0	4.52990E-8	2.10122E-2
1.99500E+0	5.93921E-8	2.11640E-2
1.99500E+0	4.12723E-8	2.12766E-2
1.99500E+0	4.93258E-8	2.08921E-2
1.99500E+0	4.78158E-8	2.08986E-2
1.99500E+0	5.03326E-8	2.06698E-2
1.99500E+0	2.86896E-8	2.06011E-2
1.99500E+0	3.72460E-8	2.06864E-2
1.99500E+0	4.22794E-8	2.05881E-2
1.99500E+0	5.38559E-8	2.06296E-2
1.99500E+0	3.67427E-8	2.02385E-2
1.99500E+0	5.63724E-8	2.04497E-2
1.99500E+0	6.03991E-8	2.00782E-2
1.99500E+0	3.97628E-8	2.02292E-2
1.99500E+0	4.47962E-8	2.01319E-2
1.99500E+0	4.32862E-8	1.99969E-2
1.99500E+0	7.24793E-8	1.99528E-2
1.99500E+0	5.93928E-8	1.96369E-2
1.99500E+0	4.37897E-8	1.95862E-2
1.99500E+0	4.52998E-8	1.95973E-2
1.99500E+0	4.68098E-8	1.94455E-2
1.99500E+0	4.78165E-8	1.93281E-2
1.99500E+0	5.48631E-8	1.94398E-2
1.99500E+0	5.53661E-8	1.90431E-2
1.99500E+0	4.93262E-8	1.92646E-2
1.99500E+0	4.88225E-8	1.90935E-2
1.99500E+0	4.88225E-8	1.88829E-2
1.99500E+0	3.97625E-8	1.88265E-2
1.99500E+0	4.32859E-8	1.87548E-2
1.99500E+0	6.39223E-8	1.87737E-2
1.99500E+0	5.18427E-8	1.83727E-2
1.99500E+0	4.42928E-8	1.84272E-2
1.99500E+0	6.14061E-8	1.81569E-2
1.99500E+0	5.78828E-8	1.83638E-2
1.99500E+0	4.47963E-8	1.81896E-2
1.99500E+0	4.17763E-8	1.79292E-2
1.99500E+0	4.73128E-8	1.78497E-2
1.99500E+0	4.78161E-8	1.78928E-2
1.99500E+0	4.52996E-8	1.75737E-2
1.99500E+0	5.08365E-8	1.75904E-2
1.99500E+0	6.54330E-8	1.74795E-2
1.99500E+0	5.98963E-8	1.72768E-2
1.99500E+0	4.68098E-8	1.71913E-2
1.99500E+0	5.28497E-8	1.70424E-2
1.99500E+0	4.02666E-8	1.69179E-2
1.99500E+0	4.32864E-8	1.65946E-2
1.99500E+0	5.28496E-8	1.64420E-2
1.99500E+0	5.78827E-8	1.63838E-2
1.99500E+0	5.13396E-8	1.63544E-2
1.99500E+0	5.73795E-8	1.62542E-2
1.99500E+0	3.27165E-8	1.61045E-2
1.99500E+0	4.63063E-8	1.61068E-2
1.99500E+0	3.12063E-8	1.58538E-2
1.99500E+0	3.87562E-8	1.57215E-2
1.99500E+0	5.33527E-8	1.55557E-2
1.99500E+0	2.81864E-8	1.54210E-2
1.99500E+0	3.87562E-8	1.53522E-2
1.99500E+0	6.39225E-8	1.52203E-2
1.99500E+0	3.62397E-8	1.50311E-2
1.99500E+0	5.43594E-8	1.48403E-2
1.99500E+0	5.43594E-8	1.47162E-2
1.99500E+0	4.68094E-8	1.46258E-2
1.99500E+0	2.21464E-8	1.44686E-2
1.99500E+0	5.23459E-8	1.42341E-2
1.99500E+0	3.47295E-8	1.41232E-2
1.99500E+0	4.22794E-8	1.39006E-2
1.99500E+0	4.68093E-8	1.36875E-2
1.99500E+0	4.88227E-8	1.33695E-2
1.99500E+0	5.28495E-8	1.19496E-2
1.99500E+0	5.33529E-8	9.04780E-3
1.99500E+0	2.16436E-8	8.97720E-3
1.99500E+0	5.08365E-8	8.88790E-3
1.99500E+0	3.42268E-8	8.86110E-3
1.99500E+0	3.97634E-8	8.65750E-3
1.99500E+0	5.18431E-8	8.59080E-3
1.99500E+0	5.68764E-8	8.44220E-3
1.99500E+0	3.22129E-8	8.37360E-3
1.99500E+0	5.83858E-8	8.20200E-3
1.99500E+0	5.23455E-8	8.08600E-3
1.99500E+0	3.72456E-8	7.96240E-3
1.99500E+0	4.17756E-8	7.77670E-3
1.99500E+0	5.38555E-8	7.54230E-3
1.99500E+0	4.58023E-8	7.16370E-3
1.99500E+0	2.91931E-8	6.24050E-3
1.99500E+0	5.33528E-8	3.48500E-4
1.99500E+0	4.63063E-8	1.08600E-4
1.99500E+0	4.63063E-8	1.09300E-4
1.99500E+0	4.68097E-8	1.11400E-4
1.99500E+0	5.08362E-8	1.13900E-4
1.99500E+0	4.37897E-8	1.14800E-4
1.99500E+0	4.83193E-8	1.15600E-4
1.99500E+0	4.02661E-8	1.15900E-4
1.99500E+0	4.68092E-8	1.16400E-4
1.99500E+0	3.97627E-8	1.16600E-4
1.99500E+0	5.23459E-8	1.16300E-4
1.99500E+0	4.47960E-8	1.15500E-4
1.99500E+0	5.03328E-8	1.15000E-4
1.99500E+0	5.63727E-8	1.14500E-4
1.99500E+0	4.52996E-8	1.14200E-4
1.99500E+0	3.67431E-8	1.13600E-4
1.99500E+0	4.78163E-8	1.13300E-4
1.99500E+0	4.68092E-8	1.13400E-4
1.99500E+0	5.58691E-8	1.13900E-4
1.99500E+0	3.92591E-8	1.13100E-4
1.99500E+0	3.32192E-8	1.12100E-4
1.99500E+0	2.31527E-8	1.12400E-4
1.99500E+0	5.38556E-8	1.12600E-4
1.99500E+0	3.52327E-8	1.12700E-4
1.99500E+0	4.78160E-8	1.12000E-4
1.99500E+0	3.87561E-8	1.11600E-4
1.99500E+0	3.42262E-8	1.11700E-4
1.99500E+0	4.22794E-8	1.12000E-4
1.99500E+0	4.93260E-8	1.11700E-4
1.99500E+0	4.88227E-8	1.11700E-4
1.99500E+0	4.02659E-8	1.11300E-4
1.99500E+0	3.32193E-8	1.11400E-4
1.99500E+0	3.72457E-8	1.11300E-4
1.99500E+0	4.02656E-8	1.11400E-4
1.99500E+0	3.57358E-8	1.11400E-4
1.99500E+0	5.33520E-8	1.11300E-4
1.99500E+0	2.41592E-8	1.11300E-4
1.99500E+0	3.77491E-8	1.11700E-4
1.99500E+0	4.12724E-8	1.11900E-4
1.99500E+0	4.78160E-8	1.12200E-4
1.99500E+0	3.52328E-8	1.12000E-4
1.99500E+0	2.26496E-8	1.12600E-4
1.99500E+0	4.83192E-8	1.12800E-4
1.99500E+0	3.22129E-8	1.12700E-4
1.99500E+0	3.52328E-8	1.12800E-4
1.99500E+0	4.52993E-8	1.13000E-4
1.99500E+0	2.91928E-8	1.13500E-4
1.99500E+0	2.51662E-8	1.14100E-4
1.99500E+0	3.27161E-8	1.14500E-4
1.99500E+0	4.63059E-8	1.14300E-4
1.99500E+0	3.57359E-8	1.14400E-4
1.99500E+0	3.42259E-8	1.15100E-4
1.99500E+0	2.76829E-8	1.15700E-4
1.99500E+0	3.37228E-8	1.16200E-4
1.99500E+0	2.46630E-8	1.16300E-4
1.99500E+0	3.32198E-8	1.16500E-4
1.99500E+0	4.17763E-8	1.16900E-4
1.99500E+0	3.27168E-8	1.17500E-4
1.99500E+0	3.27168E-8	1.17200E-4
1.99500E+0	2.96965E-8	1.17400E-4
1.99500E+0	2.46632E-8	1.17800E-4
1.99500E+0	3.67432E-8	1.18700E-4
1.99500E+0	2.51667E-8	1.19700E-4
1.99500E+0	2.91934E-8	1.20100E-4
1.99500E+0	4.42930E-8	1.20300E-4
1.99500E+0	3.32198E-8	1.20700E-4
1.99500E+0	3.42265E-8	1.21200E-4
1.99500E+0	3.92597E-8	1.22100E-4
1.99500E+0	3.62395E-8	1.22500E-4
1.99500E+0	3.57362E-8	1.22700E-4
1.99500E+0	3.67425E-8	1.23500E-4
1.99500E+0	2.91926E-8	1.24400E-4
1.99500E+0	2.01328E-8	1.25300E-4
1.99500E+0	2.01328E-8	1.25800E-4
1.99500E+0	3.97625E-8	1.26300E-4
1.99500E+0	3.32192E-8	1.27100E-4
2.28000E+0	2.51659E-8	1.51500E-4
2.56500E+0	3.97623E-8	1.75600E-4
2.85000E+0	3.87553E-8	2.00400E-4
3.13500E+0	2.26489E-8	2.25100E-4
3.42000E+0	2.51654E-8	2.49600E-4
3.70500E+0	2.56688E-8	2.74800E-4
3.99000E+0	2.71794E-8	2.99200E-4
4.27500E+0	3.27159E-8	3.24200E-4
4.56000E+0	2.91928E-8	3.49600E-4
4.84500E+0	3.47294E-8	3.74800E-4
5.13000E+0	2.06363E-8	3.96000E-4
5.41500E+0	3.42264E-8	4.21000E-4
5.70000E+0	2.56698E-8	4.45700E-4
5.98500E+0	1.35898E-8	4.70600E-4
6.27000E+0	2.41596E-8	4.95200E-4
6.55500E+0	2.56698E-8	5.20400E-4
6.84000E+0	2.81864E-8	5.46000E-4
7.12500E+0	6.34195E-8	5.71800E-4
7.41000E+0	3.27166E-8	5.97900E-4
7.69500E+0	2.76835E-8	6.25200E-4
7.98000E+0	3.47300E-8	6.52900E-4
8.26500E+0	3.22133E-8	6.79200E-4
8.55000E+0	3.42264E-8	7.05700E-4
8.83500E+0	3.87564E-8	7.32300E-4
9.12000E+0	3.47297E-8	7.59100E-4
9.40500E+0	2.26499E-8	7.85600E-4
9.69000E+0	3.07030E-8	8.11800E-4
9.97500E+0	2.56697E-8	8.39500E-4
1.02600E+1	2.91930E-8	8.69200E-4
1.05450E+1	1.81198E-8	8.97600E-4
1.08300E+1	1.96299E-8	9.26100E-4
1.11150E+1	4.07696E-8	9.55300E-4
1.14000E+1	2.56698E-8	9.83500E-4
1.16850E+1	2.66762E-8	1.01270E-3
1.19700E+1	2.86895E-8	1.04100E-3
1.22550E+1	3.47294E-8	1.06870E-3
1.25400E+1	4.37892E-8	1.09760E-3
1.28250E+1	1.96295E-8	1.12720E-3
1.31100E+1	3.62393E-8	1.15600E-3
1.33950E+1	4.17761E-8	1.18390E-3
1.36800E+1	4.02664E-8	1.21340E-3
1.39650E+1	3.27165E-8	1.24250E-3
1.42500E+1	3.47301E-8	1.27150E-3
1.45350E+1	3.47301E-8	1.30190E-3
1.48200E+1	3.57369E-8	1.33030E-3
1.51050E+1	2.61737E-8	1.35870E-3
1.53900E+1	1.66103E-8	1.38680E-3
1.56750E+1	3.42267E-8	1.41510E-3
1.59600E+1	3.17101E-8	1.44360E-3
1.62450E+1	2.86901E-8	1.47060E-3
1.65300E+1	2.91931E-8	1.49890E-3
1.68150E+1	2.36564E-8	1.52740E-3
1.71000E+1	2.56697E-8	1.55520E-3
1.73850E+1	3.17097E-8	1.58320E-3
1.76700E+1	2.16432E-8	1.61280E-3
1.79550E+1	3.37226E-8	1.64130E-3
1.82400E+1	1.91261E-8	1.66950E-3
1.85250E+1	2.21464E-8	1.69820E-3
1.88100E+1	1.35898E-8	1.72640E-3
1.90950E+1	2.56697E-8	1.75590E-3
1.93800E+1	2.76829E-8	1.78440E-3
1.96650E+1	2.26496E-8	1.81250E-3
1.99500E+1	3.01998E-8	1.84050E-3
2.02350E+1	2.01333E-8	1.86670E-3
2.05200E+1	2.06365E-8	1.89540E-3
2.08050E+1	3.42263E-8	1.92200E-3
2.10900E+1	2.01330E-8	1.94980E-3
2.13750E+1	1.10732E-8	1.97250E-3
2.16600E+1	3.17093E-8	1.99980E-3
2.19450E+1	1.61060E-8	2.02820E-3
2.22300E+1	3.17090E-8	2.05610E-3
2.25150E+1	2.41590E-8	2.08320E-3
2.28000E+1	2.21457E-8	2.11120E-3
2.30850E+1	2.21461E-8	2.13960E-3
2.33700E+1	2.81860E-8	2.16760E-3
2.36550E+1	2.46633E-8	2.19540E-3
2.39400E+1	3.57364E-8	2.22430E-3
2.42250E+1	2.36570E-8	2.25290E-3
2.45100E+1	2.46636E-8	2.28050E-3
2.47950E+1	1.30873E-8	2.30900E-3
2.50800E+1	1.51001E-8	2.33690E-3
2.53650E+1	8.55689E-9	2.36570E-3
2.56500E+1	6.04007E-9	2.39370E-3
2.59350E+1	3.12064E-8	2.42170E-3
2.62200E+1	1.81198E-8	2.44980E-3
2.65050E+1	1.00666E-8	2.47800E-3
2.67900E+1	1.71131E-8	2.50450E-3
2.70750E+1	2.41597E-8	2.53250E-3
2.73600E+1	1.61066E-8	2.55830E-3
2.76450E+1	3.27166E-8	2.58560E-3
2.79300E+1	1.56036E-8	2.61340E-3
2.82150E+1	2.61732E-8	2.64100E-3
2.85000E+1	1.56033E-8	2.66900E-3
2.87850E+1	7.55014E-9	2.69750E-3
2.90700E+1	2.61732E-8	2.72580E-3
2.93550E+1	2.81867E-8	2.75380E-3
2.96400E+1	2.46634E-8	2.78130E-3
2.99250E+1	1.56033E-8	2.80900E-3
3.02100E+1	1.56033E-8	2.83440E-3
3.04950E+1	1.35901E-8	2.86220E-3
3.07800E+1	1.56037E-8	2.88960E-3
3.10650E+1	1.66103E-8	2.91650E-3
3.13500E+1	1.05704E-8	2.94480E-3
3.16350E+1	1.71136E-8	2.97140E-3
3.19200E+1	3.52352E-9	2.99810E-3
3.22050E+1	1.51000E-8	3.02650E-3
3.24900E+1	2.91932E-8	3.05220E-3
3.27750E+1	1.71134E-8	3.08080E-3
3.30600E+1	2.51662E-8	3.10800E-3
3.33450E+1	1.45962E-8	3.13670E-3
3.36300E+1	6.03966E-9	3.16500E-3
3.39150E+1	1.10731E-8	3.19310E-3
3.42000E+1	1.56030E-8	3.22160E-3
3.44850E+1	2.86896E-8	3.24810E-3
3.47700E+1	1.96298E-8	3.27490E-3
3.50550E+1	1.96299E-8	3.30100E-3
3.53400E+1	4.02678E-9	3.32870E-3
3.56250E+1	1.45967E-8	3.35630E-3
3.59100E+1	1.10734E-8	3.38270E-3
3.61950E+1	-3.52312E-9	3.40980E-3
3.64800E+1	2.16430E-8	3.43580E-3
3.67650E+1	9.05981E-9	3.46360E-3
3.70500E+1	2.96961E-8	3.49170E-3
3.73350E+1	1.66096E-8	3.51990E-3
3.76200E+1	1.61062E-8	3.54990E-3
3.79050E+1	3.37226E-8	3.57900E-3
3.81900E+1	1.71132E-8	3.60680E-3
3.84750E+1	8.55670E-9	3.63610E-3
3.87600E+1	1.30869E-8	3.66430E-3
3.90450E+1	1.15769E-8	3.69380E-3
3.93300E+1	2.01369E-9	3.72220E-3
3.96150E+1	3.07034E-8	3.75060E-3
3.99000E+1	1.35903E-8	3.77990E-3
4.01850E+1	2.11398E-8	3.80580E-3
4.04700E+1	3.32196E-8	3.83380E-3
4.07550E+1	2.31529E-8	3.86230E-3
4.10400E+1	2.51656E-9	3.89170E-3
4.13250E+1	2.36561E-8	3.92140E-3
4.16100E+1	9.56297E-9	3.95060E-3
4.18950E+1	1.66096E-8	3.97950E-3
4.21800E+1	2.01332E-8	4.00880E-3
4.24650E+1	2.01332E-8	4.03740E-3
4.27500E+1	2.16431E-8	4.06620E-3
4.30350E+1	9.56327E-9	4.09410E-3
4.33200E+1	1.71133E-8	4.12130E-3
4.36050E+1	2.51680E-9	4.15090E-3
4.38900E+1	1.71131E-8	4.17870E-3
4.41750E+1	2.91929E-8	4.20790E-3
4.44600E+1	2.81860E-8	4.23620E-3
4.47450E+1	1.71129E-8	4.26500E-3
4.50300E+1	5.03307E-9	4.29510E-3
4.53150E+1	2.36561E-8	4.32360E-3
4.56000E+1	5.03303E-9	4.35220E-3
4.58850E+1	1.50994E-8	4.38020E-3
4.61700E+1	2.26493E-8	4.40940E-3
4.64550E+1	1.05697E-8	4.44050E-3
4.67400E+1	2.01329E-8	4.47040E-3
4.70250E+1	9.05990E-9	4.50060E-3
4.73100E+1	2.56697E-8	4.53060E-3
4.75950E+1	1.05699E-8	4.56050E-3
4.78800E+1	2.01334E-8	4.59230E-3
4.81650E+1	2.66767E-8	4.62300E-3
4.84500E+1	1.71135E-8	4.65530E-3
4.87350E+1	1.91268E-8	4.68770E-3
4.90200E+1	-1.00621E-9	4.72150E-3
4.93050E+1	1.56036E-8	4.75510E-3
4.95900E+1	1.51025E-9	4.78990E-3
4.98750E+1	2.76832E-8	4.82920E-3
5.01600E+1	1.25830E-8	4.86770E-3
5.04450E+1	1.76160E-8	4.90310E-3
5.07300E+1	1.25828E-8	4.93740E-3
5.10150E+1	1.15762E-8	4.97060E-3
5.13000E+1	-6.54349E-9	5.00420E-3
5.15850E+1	1.50997E-8	5.03600E-3
5.18700E+1	-9.05992E-9	5.06750E-3
5.21550E+1	7.55023E-9	5.09850E-3
5.24400E+1	2.81866E-8	5.12810E-3
5.27250E+1	1.56036E-8	5.15810E-3
5.30100E+1	6.54329E-9	5.18810E-3
5.32950E+1	1.51003E-9	5.21830E-3
5.35800E+1	5.03311E-9	5.24850E-3
5.38650E+1	1.00664E-8	5.27810E-3
5.41500E+1	3.01956E-9	5.30850E-3
5.44350E+1	1.25827E-8	5.33940E-3
5.47200E+1	2.51615E-9	5.37080E-3
5.50050E+1	1.40926E-8	5.40180E-3
5.52900E+1	8.55610E-9	5.43190E-3
5.55750E+1	-6.54366E-9	5.46200E-3
5.58600E+1	-2.01377E-9	5.49350E-3
5.61450E+1	1.15762E-8	5.52460E-3
5.64300E+1	1.10729E-8	5.55600E-3
5.67150E+1	-2.51690E-9	5.58680E-3
5.70000E+1	-8.05348E-9	5.61790E-3
5.72850E+1	4.02643E-9	5.64990E-3
5.75700E+1	-3.52346E-9	5.68100E-3
5.78550E+1	-1.45965E-8	5.71170E-3
5.81400E+1	-6.54324E-9	5.74230E-3
5.84250E+1	4.52977E-9	5.77210E-3
5.87100E+1	1.00660E-8	5.80300E-3
5.89950E+1	1.00619E-9	5.83380E-3
5.92800E+1	-2.51702E-9	5.86530E-3
5.95650E+1	-4.02700E-9	5.89530E-3
5.98500E+1	6.54265E-9	5.92640E-3
6.01350E+1	-1.25837E-8	5.95730E-3
6.04200E+1	3.52264E-9	5.98750E-3
6.07050E+1	6.03926E-9	6.01920E-3
6.09900E+1	-6.54368E-9	6.04920E-3
6.12750E+1	1.50953E-9	6.08040E-3
6.15600E+1	1.15759E-8	6.11070E-3
6.18450E+1	5.02996E-10	6.14110E-3
6.21300E+1	1.25828E-8	6.17290E-3
6.24150E+1	-4.53024E-9	6.20270E-3
6.27000E+1	8.55623E-9	6.23350E-3
6.29850E+1	7.04613E-9	6.26490E-3
6.32700E+1	3.01953E-9	6.29740E-3
6.35550E+1	9.05963E-9	6.32990E-3
6.38400E+1	1.71128E-8	6.36010E-3
6.41250E+1	2.26495E-8	6.39200E-3
6.44100E+1	1.15765E-8	6.42360E-3
6.46950E+1	-3.52323E-9	6.45540E-3
6.49800E+1	6.54330E-9	6.48710E-3
6.52650E+1	3.02002E-9	6.52080E-3
6.55500E+1	8.55638E-9	6.55410E-3
6.58350E+1	2.16428E-8	6.58700E-3
6.61200E+1	2.06363E-8	6.62000E-3
6.64050E+1	1.81197E-8	6.65330E-3
6.66900E+1	1.71125E-8	6.68650E-3
6.69750E+1	3.12056E-8	6.72080E-3
6.72600E+1	1.15761E-8	6.75530E-3
6.75450E+1	1.56027E-8	6.79010E-3
6.78300E+1	4.68089E-8	6.82640E-3
6.81150E+1	3.07023E-8	6.86370E-3
6.84000E+1	3.27156E-8	6.90000E-3
6.86850E+1	3.17092E-8	6.93730E-3
6.89700E+1	4.68090E-8	6.97530E-3
6.92550E+1	4.78157E-8	7.01380E-3
6.95400E+1	8.50618E-8	7.05340E-3
6.98250E+1	7.54984E-8	7.09310E-3
7.01100E+1	8.85847E-8	7.13280E-3
7.03950E+1	9.41212E-8	7.17330E-3
7.06800E+1	9.71414E-8	7.21360E-3
7.09650E+1	1.21301E-7	7.25590E-3
7.12500E+1	1.26838E-7	7.29840E-3
7.15350E+1	1.54520E-7	7.34120E-3
7.18200E+1	1.77171E-7	7.38390E-3
7.21050E+1	2.11900E-7	7.42840E-3
7.22190E+1	2.19451E-7	7.44670E-3
7.23330E+1	2.34550E-7	7.46530E-3
7.24470E+1	2.49147E-7	7.48320E-3
7.25610E+1	2.67267E-7	7.50080E-3
7.26750E+1	2.73810E-7	7.52040E-3
7.27890E+1	3.00486E-7	7.53970E-3
7.29030E+1	3.05016E-7	7.55940E-3
7.30170E+1	3.19612E-7	7.57940E-3
7.31310E+1	3.43268E-7	7.59740E-3
7.32450E+1	3.58871E-7	7.61550E-3
7.33590E+1	3.68937E-7	7.63630E-3
7.34730E+1	3.76991E-7	7.65550E-3
7.35870E+1	4.14740E-7	7.67570E-3
7.37010E+1	4.47960E-7	7.69600E-3
7.38150E+1	4.64569E-7	7.71760E-3
7.39290E+1	5.03326E-7	7.73970E-3
7.40430E+1	5.31009E-7	7.76080E-3
7.41570E+1	5.55168E-7	7.78280E-3
7.42710E+1	5.82348E-7	7.80440E-3
7.43850E+1	6.05501E-7	7.82540E-3
7.44990E+1	6.39727E-7	7.84420E-3
7.46130E+1	6.70933E-7	7.86560E-3
7.47270E+1	6.97106E-7	7.88600E-3
7.48410E+1	7.48445E-7	7.90720E-3
7.49550E+1	7.70592E-7	7.92980E-3
7.50690E+1	8.08845E-7	7.95110E-3
7.51830E+1	8.48104E-7	7.97350E-3
7.52970E+1	8.99947E-7	7.99780E-3
7.54110E+1	9.48266E-7	8.01850E-3
7.55250E+1	9.94069E-7	8.04240E-3
7.56390E+1	1.04138E-6	8.06620E-3
7.56960E+1	1.06353E-6	8.07760E-3
7.57530E+1	1.09222E-6	8.09080E-3
7.58100E+1	1.11185E-6	8.10160E-3
7.58670E+1	1.13752E-6	8.11130E-3
7.59240E+1	1.16520E-6	8.12220E-3
7.59810E+1	1.19389E-6	8.13370E-3
7.60380E+1	1.22610E-6	8.14560E-3
7.60950E+1	1.24271E-6	8.15950E-3
7.61520E+1	1.27090E-6	8.16960E-3
7.62090E+1	1.30361E-6	8.18630E-3
7.62660E+1	1.33381E-6	8.19750E-3
7.63230E+1	1.37106E-6	8.21330E-3
7.63800E+1	1.37760E-6	8.22360E-3
7.64370E+1	1.43347E-6	8.24170E-3
7.64940E+1	1.44656E-6	8.25390E-3
7.65510E+1	1.49286E-6	8.26800E-3
7.66080E+1	1.53112E-6	8.28030E-3
7.66650E+1	1.55276E-6	8.29540E-3
7.67220E+1	1.58044E-6	8.30680E-3
7.67790E+1	1.64336E-6	8.32050E-3
7.68360E+1	1.68463E-6	8.33190E-3
7.68930E+1	1.72691E-6	8.34760E-3
7.69500E+1	1.72490E-6	8.35930E-3
7.70070E+1	1.79083E-6	8.37250E-3
7.70640E+1	1.79889E-6	8.38240E-3
7.71210E+1	1.86482E-6	8.39770E-3
7.71780E+1	1.93277E-6	8.41240E-3
7.72350E+1	2.00475E-6	8.42290E-3
7.72920E+1	2.06666E-6	8.43230E-3
7.72295E+1	2.03746E-6	8.42240E-3
7.71670E+1	1.96398E-6	8.40600E-3
7.71045E+1	1.91918E-6	8.38990E-3
7.70420E+1	1.87439E-6	8.37000E-3
7.69795E+1	1.82959E-6	8.35580E-3
7.69170E+1	1.81097E-6	8.34070E-3
7.68545E+1	1.77171E-6	8.32550E-3
7.67920E+1	1.70074E-6	8.31260E-3
7.67295E+1	1.64940E-6	8.29570E-3
7.66670E+1	1.60158E-6	8.28090E-3
7.66045E+1	1.54370E-6	8.26660E-3
7.65420E+1	1.51602E-6	8.25450E-3
7.64795E+1	1.47273E-6	8.23530E-3
7.64170E+1	1.42240E-6	8.22180E-3
7.63545E+1	1.36150E-6	8.20800E-3
7.62920E+1	1.33633E-6	8.19610E-3
7.62295E+1	1.30059E-6	8.18090E-3
7.61670E+1	1.25680E-6	8.16840E-3
7.61045E+1	1.24271E-6	8.15640E-3
7.60420E+1	1.21755E-6	8.14100E-3
7.59795E+1	1.20043E-6	8.12990E-3
7.59170E+1	1.16721E-6	8.11670E-3
7.58545E+1	1.14406E-6	8.09990E-3
7.57920E+1	1.12292E-6	8.08450E-3
7.57295E+1	1.06906E-6	8.07130E-3
7.56670E+1	1.05195E-6	8.05550E-3
7.56045E+1	1.02024E-6	8.04220E-3
7.55420E+1	1.00111E-6	8.02710E-3
7.54795E+1	9.65378E-7	8.01510E-3
7.54170E+1	9.56319E-7	7.99830E-3
7.53545E+1	9.28133E-7	7.98470E-3
7.52920E+1	9.15550E-7	7.97240E-3
7.52295E+1	8.74780E-7	7.95960E-3
7.51670E+1	8.49110E-7	7.94790E-3
7.51045E+1	8.16898E-7	7.93320E-3
7.50420E+1	8.02805E-7	7.91910E-3
7.49795E+1	7.80658E-7	7.90520E-3
7.49170E+1	7.56498E-7	7.89270E-3
7.48545E+1	7.26802E-7	7.87820E-3
7.47920E+1	7.10193E-7	7.86640E-3
7.47295E+1	6.93583E-7	7.85230E-3
7.46670E+1	6.67914E-7	7.83990E-3
7.46045E+1	6.34191E-7	7.82760E-3
7.45420E+1	6.36708E-7	7.81380E-3
7.44795E+1	6.06509E-7	7.80330E-3
7.44170E+1	5.95938E-7	7.79010E-3
7.43545E+1	5.86375E-7	7.77730E-3
7.42920E+1	5.80838E-7	7.76520E-3
7.42295E+1	5.52652E-7	7.75300E-3
7.41670E+1	5.35036E-7	7.74080E-3
7.41045E+1	5.24466E-7	7.72880E-3
7.40420E+1	5.30506E-7	7.71920E-3
7.39795E+1	4.94266E-7	7.70770E-3
7.39170E+1	4.82690E-7	7.69680E-3
7.38545E+1	4.69603E-7	7.68740E-3
7.37920E+1	4.55007E-7	7.67470E-3
7.37295E+1	4.33363E-7	7.66390E-3
7.36670E+1	4.31349E-7	7.65220E-3
7.36045E+1	4.32355E-7	7.64120E-3
7.35420E+1	4.13229E-7	7.63030E-3
7.34795E+1	3.99136E-7	7.61900E-3
7.34170E+1	3.90076E-7	7.60780E-3
7.33545E+1	3.70950E-7	7.59760E-3
7.32920E+1	3.74977E-7	7.58630E-3
7.32295E+1	3.55851E-7	7.57650E-3
7.31670E+1	3.41758E-7	7.56630E-3
7.31045E+1	3.28671E-7	7.55410E-3
7.30420E+1	3.22128E-7	7.54400E-3
7.29795E+1	3.01492E-7	7.53300E-3
7.29170E+1	2.84882E-7	7.52150E-3
7.28545E+1	2.93439E-7	7.51140E-3
7.27920E+1	2.79849E-7	7.49910E-3
7.27295E+1	2.72300E-7	7.48950E-3
7.26670E+1	2.84379E-7	7.47930E-3
7.26045E+1	2.58206E-7	7.46810E-3
7.25420E+1	2.54180E-7	7.45690E-3
7.24795E+1	2.30524E-7	7.44760E-3
7.24170E+1	2.33040E-7	7.43660E-3
7.23545E+1	2.26497E-7	7.42570E-3
7.22920E+1	2.25994E-7	7.41530E-3
7.22295E+1	2.07371E-7	7.40470E-3
7.21670E+1	2.02840E-7	7.39410E-3
7.21045E+1	1.87741E-7	7.38240E-3
7.20420E+1	1.98310E-7	7.37230E-3
7.19795E+1	1.80694E-7	7.36260E-3
7.19170E+1	1.81700E-7	7.35270E-3
7.18545E+1	1.97807E-7	7.34260E-3
7.17920E+1	1.81700E-7	7.33280E-3
7.17295E+1	1.57541E-7	7.32260E-3
7.16670E+1	1.73144E-7	7.31290E-3
7.16045E+1	1.50494E-7	7.30440E-3
7.15420E+1	1.37911E-7	7.29420E-3
7.14795E+1	1.34891E-7	7.28410E-3
7.14170E+1	1.38415E-7	7.27470E-3
7.13545E+1	1.28348E-7	7.26640E-3
7.12920E+1	1.29355E-7	7.25680E-3
7.12295E+1	1.26335E-7	7.24850E-3
7.11670E+1	1.23316E-7	7.23850E-3
7.11045E+1	1.18282E-7	7.22880E-3
7.10420E+1	1.16269E-7	7.21770E-3
7.09795E+1	1.07712E-7	7.20760E-3
7.09170E+1	1.08215E-7	7.19890E-3
7.08545E+1	1.00162E-7	7.18950E-3
7.07920E+1	1.10732E-7	7.18080E-3
7.07295E+1	9.66384E-8	7.17070E-3
7.06670E+1	9.51287E-8	7.16120E-3
7.06045E+1	9.11021E-8	7.15310E-3
7.05420E+1	8.75790E-8	7.14460E-3
7.04795E+1	8.00288E-8	7.13510E-3
7.04170E+1	8.00288E-8	7.12570E-3
7.03545E+1	8.10359E-8	7.11780E-3
7.02295E+1	7.09694E-8	7.10020E-3
7.01045E+1	6.99625E-8	7.08330E-3
6.99795E+1	6.14060E-8	7.06520E-3
6.98545E+1	5.03329E-8	7.04760E-3
6.97295E+1	6.19094E-8	7.03000E-3
6.96045E+1	5.28499E-8	7.01290E-3
6.94795E+1	4.88230E-8	6.99600E-3
6.93545E+1	4.98297E-8	6.97890E-3
6.92295E+1	3.97631E-8	6.96140E-3
6.91045E+1	3.52331E-8	6.94490E-3
6.89795E+1	2.06363E-8	6.92750E-3
6.88545E+1	2.61729E-8	6.90980E-3
6.87295E+1	1.45961E-8	6.89270E-3
6.86045E+1	1.81194E-8	6.87630E-3
6.84795E+1	3.22123E-8	6.85960E-3
6.83545E+1	1.10727E-8	6.84440E-3
6.82295E+1	2.41591E-8	6.82830E-3
6.81045E+1	1.25828E-8	6.81170E-3
6.79795E+1	2.26493E-8	6.79540E-3
6.78545E+1	1.81194E-8	6.77850E-3
6.77295E+1	1.40928E-8	6.76230E-3
6.76045E+1	-2.01373E-9	6.74590E-3
6.74795E+1	-2.51705E-9	6.72960E-3
6.73545E+1	-1.00694E-9	6.71370E-3
6.72295E+1	4.02632E-9	6.69760E-3
6.71045E+1	-4.02693E-9	6.68080E-3
6.69795E+1	8.55618E-9	6.66620E-3
6.68545E+1	-3.53015E-13	6.65040E-3
6.67295E+1	1.96294E-8	6.63500E-3
6.66045E+1	-4.02688E-9	6.62040E-3
6.64795E+1	1.50974E-9	6.60460E-3
6.63545E+1	2.01328E-8	6.59010E-3
6.62295E+1	-4.53015E-9	6.57440E-3
6.61045E+1	2.51641E-9	6.55960E-3
6.59795E+1	-5.03354E-9	6.54410E-3
6.58545E+1	-1.56034E-8	6.52900E-3
6.57295E+1	3.52309E-9	6.51380E-3
6.56045E+1	1.00625E-9	6.50010E-3
6.54795E+1	-5.03366E-9	6.48440E-3
6.53545E+1	-1.51041E-9	6.46940E-3
6.52295E+1	-8.05364E-9	6.45500E-3
6.51045E+1	-9.56349E-9	6.44000E-3
6.49795E+1	-6.54353E-9	6.42500E-3
6.48545E+1	4.02640E-9	6.41060E-3
6.47295E+1	-2.01351E-9	6.39530E-3
6.46045E+1	5.03336E-9	6.38020E-3
6.44795E+1	-1.15763E-8	6.36620E-3
6.43545E+1	1.00686E-9	6.35110E-3
6.42295E+1	-8.55625E-9	6.33680E-3
6.41045E+1	-7.54959E-9	6.32220E-3
6.39795E+1	-1.71129E-8	6.30830E-3
6.38545E+1	-9.05965E-9	6.29380E-3
6.37295E+1	-1.56030E-8	6.27930E-3
6.36045E+1	-1.05697E-8	6.26420E-3
6.34795E+1	-9.56287E-9	6.25000E-3
6.33545E+1	-7.04634E-9	6.23550E-3
6.32295E+1	-2.01308E-9	6.22030E-3
6.31045E+1	-1.50972E-9	6.20660E-3
6.29795E+1	-4.52968E-9	6.19150E-3
6.28545E+1	-8.55620E-9	6.17650E-3
6.27295E+1	-1.66094E-8	6.16270E-3
6.26045E+1	-1.15762E-8	6.14820E-3
6.24795E+1	2.89767E-13	6.13440E-3
6.23545E+1	-8.05295E-9	6.12000E-3
6.22295E+1	2.74371E-13	6.10530E-3
6.21045E+1	-2.11395E-8	6.09050E-3
6.19795E+1	-1.50999E-8	6.07640E-3
6.18545E+1	-8.55665E-9	6.06170E-3
6.17295E+1	-8.05348E-9	6.04810E-3
6.16045E+1	-2.61732E-8	6.03290E-3
6.14795E+1	-8.55691E-9	6.01840E-3
6.13545E+1	-1.45968E-8	6.00450E-3
6.12295E+1	-1.96300E-8	5.99000E-3
6.11045E+1	-1.10734E-8	5.97530E-3
6.09795E+1	-9.56302E-9	5.96080E-3
6.08545E+1	-4.52985E-9	5.94560E-3
6.07295E+1	-7.54981E-9	5.92930E-3
6.06045E+1	-2.06364E-8	5.91470E-3
6.04795E+1	-1.20799E-8	5.89900E-3
6.03545E+1	-4.02664E-9	5.88460E-3
6.02295E+1	1.00662E-9	5.86940E-3
6.01045E+1	-1.10735E-8	5.85490E-3
5.99795E+1	-1.51001E-8	5.84080E-3
5.98545E+1	-7.04707E-9	5.82650E-3
5.97295E+1	-2.01334E-8	5.81160E-3
5.96045E+1	-1.05702E-8	5.79690E-3
5.94795E+1	-1.51002E-8	5.78250E-3
5.93545E+1	-2.76834E-8	5.76670E-3
5.92295E+1	-1.00668E-8	5.75340E-3
5.91045E+1	-1.51000E-8	5.73800E-3
5.89795E+1	3.02000E-9	5.72340E-3
5.88545E+1	-1.71130E-8	5.70850E-3
5.87295E+1	-8.55625E-9	5.69450E-3
5.86045E+1	-1.81194E-8	5.68060E-3
5.84795E+1	-1.20796E-8	5.66670E-3
5.83545E+1	-3.01982E-9	5.65240E-3
5.82295E+1	-1.05697E-8	5.63890E-3
5.81045E+1	-7.04657E-9	5.62490E-3
5.79795E+1	-1.50998E-9	5.60980E-3
5.78545E+1	-2.01322E-9	5.59620E-3
5.77295E+1	-2.06363E-8	5.58210E-3
5.76045E+1	3.52328E-9	5.56900E-3
5.74795E+1	-1.40931E-8	5.55560E-3
5.73545E+1	-2.01341E-9	5.54130E-3
5.72295E+1	-1.15768E-8	5.52680E-3
5.71045E+1	-7.04685E-9	5.51350E-3
5.69795E+1	-2.21469E-8	5.49900E-3
5.68545E+1	-2.41602E-8	5.48440E-3
5.67295E+1	-3.12066E-8	5.47030E-3
5.66045E+1	-2.06368E-8	5.45560E-3
5.64795E+1	-1.35901E-8	5.44170E-3
5.63545E+1	-5.03360E-9	5.42730E-3
5.62295E+1	-2.66763E-8	5.41310E-3
5.61045E+1	-1.40931E-8	5.39860E-3
5.59795E+1	-1.00654E-9	5.38480E-3
5.58545E+1	-8.05271E-9	5.37010E-3
5.57295E+1	-5.03275E-9	5.35650E-3
5.56045E+1	-2.01326E-8	5.34230E-3
5.54795E+1	-1.00660E-8	5.32810E-3
5.53545E+1	-8.05264E-9	5.31420E-3
5.52295E+1	-1.20793E-8	5.30050E-3
5.51045E+1	5.03393E-9	5.28630E-3
5.49795E+1	-8.05256E-9	5.27270E-3
5.48545E+1	-1.10727E-8	5.25870E-3
5.47295E+1	-1.66091E-8	5.24540E-3
5.44170E+1	-1.10725E-8	5.21220E-3
5.41045E+1	-1.45959E-8	5.17980E-3
5.37920E+1	-1.30859E-8	5.14710E-3
5.34795E+1	-1.35893E-8	5.11470E-3
5.31670E+1	-2.01326E-8	5.08230E-3
5.28545E+1	-7.04631E-9	5.04930E-3
5.25420E+1	-5.53633E-9	5.01630E-3
5.22295E+1	-8.55646E-9	4.98420E-3
5.19170E+1	-4.58026E-8	4.95140E-3
5.16045E+1	-1.91264E-8	4.91780E-3
5.12920E+1	-2.11398E-8	4.88500E-3
5.09795E+1	-2.46630E-8	4.85310E-3
5.06670E+1	-1.76163E-8	4.82040E-3
5.03545E+1	-1.76163E-8	4.78780E-3
5.00420E+1	-1.66095E-8	4.75600E-3
4.97295E+1	-7.04629E-9	4.72330E-3
4.94170E+1	-1.20798E-8	4.69200E-3
4.91045E+1	-2.21463E-8	4.65900E-3
4.87920E+1	-1.81199E-8	4.62560E-3
4.84795E+1	-3.22131E-8	4.59300E-3
4.81670E+1	-2.16433E-8	4.56070E-3
4.78545E+1	-3.47299E-8	4.52910E-3
4.75420E+1	-2.36568E-8	4.49620E-3
4.72295E+1	-1.35900E-8	4.46520E-3
4.69170E+1	-2.26498E-8	4.43300E-3
4.66045E+1	-1.00664E-8	4.40170E-3
4.62920E+1	-2.21463E-8	4.36880E-3
4.59795E+1	-3.52313E-9	4.33700E-3
4.56670E+1	-9.56305E-9	4.30520E-3
4.53545E+1	-2.06359E-8	4.27370E-3
4.50420E+1	-2.21460E-8	4.24230E-3
4.47295E+1	-1.96294E-8	4.21050E-3
4.44170E+1	-1.66091E-8	4.17860E-3
4.41045E+1	-1.96291E-8	4.14640E-3
4.37920E+1	-2.16420E-8	4.11540E-3
4.34795E+1	-2.41586E-8	4.08270E-3
4.31670E+1	-2.11390E-8	4.05130E-3
4.28545E+1	-4.02586E-9	4.02070E-3
4.25420E+1	-1.40926E-8	3.98920E-3
4.22295E+1	-2.41595E-8	3.95760E-3
4.19170E+1	-6.54310E-9	3.92610E-3
4.16045E+1	-2.61736E-8	3.89530E-3
4.12920E+1	-1.20805E-8	3.86410E-3
4.09795E+1	-2.31538E-8	3.83270E-3
4.06670E+1	-1.40940E-8	3.80110E-3
4.03545E+1	-1.15772E-8	3.76980E-3
4.00420E+1	-1.51005E-8	3.73880E-3
3.97295E+1	-1.96305E-8	3.70810E-3
3.94170E+1	-2.66771E-8	3.67710E-3
3.84795E+1	-2.51668E-8	3.58530E-3
3.75420E+1	-1.86232E-8	3.49340E-3
3.66045E+1	-1.86232E-8	3.40230E-3
3.56670E+1	-2.91930E-8	3.31200E-3
3.47295E+1	-1.40932E-8	3.22080E-3
3.37920E+1	-1.30863E-8	3.13080E-3
3.28545E+1	-1.71129E-8	3.04030E-3
3.19170E+1	-2.71794E-8	2.94950E-3
3.09795E+1	-2.11395E-8	2.86010E-3
3.00420E+1	-2.46629E-8	2.77060E-3
2.91045E+1	-1.40929E-8	2.68090E-3
2.81670E+1	-2.76827E-8	2.59160E-3
2.72295E+1	-1.25829E-8	2.50300E-3
2.62920E+1	-3.27159E-8	2.41390E-3
2.53545E+1	-1.00662E-8	2.32580E-3
2.44170E+1	-3.42258E-8	2.23710E-3
2.34795E+1	-1.91262E-8	2.14860E-3
2.25420E+1	-1.56029E-8	2.06120E-3
2.16045E+1	5.11155E-16	1.97400E-3
2.06670E+1	-1.25831E-8	1.88600E-3
1.97295E+1	-2.11397E-8	1.79960E-3
1.87920E+1	-3.27165E-8	1.71280E-3
1.78545E+1	-2.26500E-8	1.62550E-3
1.69170E+1	-3.17099E-8	1.53810E-3
1.59795E+1	-1.66101E-8	1.45160E-3
1.50420E+1	-1.81202E-8	1.36500E-3
1.41045E+1	-2.66768E-8	1.27950E-3
1.31670E+1	-2.41601E-8	1.19350E-3
1.22295E+1	-1.71135E-8	1.10660E-3
1.12920E+1	-2.96962E-8	1.02100E-3
1.03545E+1	-1.40929E-8	9.35600E-4
9.41700E+0	-2.21461E-8	8.49500E-4
8.47950E+0	-1.56029E-8	7.64300E-4
7.54200E+0	-3.01976E-9	6.78800E-4
6.60450E+0	-2.46627E-8	5.93200E-4
5.66700E+0	-3.37226E-8	5.07700E-4
4.72950E+0	1.76163E-8	4.23000E-4
3.79200E+0	-1.05699E-8	3.37800E-4
2.85450E+0	-2.31533E-8	2.53000E-4
1.91700E+0	-1.10735E-8	1.68200E-4
9.79500E-1	-2.11398E-8	8.37000E-5
4.20000E-2	-1.51002E-8	2.00000E-7
0.00000E+0	-2.86900E-8	4.00000E-7
0.00000E+0	-1.91266E-8	3.00000E-7
0.00000E+0	-3.52348E-9	4.00000E-7
0.00000E+0	-2.26499E-8	2.00000E-7
0.00000E+0	-5.03344E-9	0.00000E+0
