0.00000E+0	0.00000E+0	8.10000E-6
0.00000E+0	0.00000E+0	8.00000E-6
0.00000E+0	-1.28766E-7	7.60000E-6
0.00000E+0	-1.17190E-7	8.20000E-6
0.00000E+0	3.01997E-9	8.50000E-6
0.00000E+0	2.86894E-8	7.90000E-6
0.00000E+0	-2.46636E-8	8.30000E-6
2.85000E-1	-2.41602E-8	6.50000E-6
5.70000E-1	-2.91939E-8	7.94000E-5
8.55000E-1	-5.03417E-9	1.30300E-4
1.14000E+0	-2.91936E-8	1.79600E-4
1.42500E+0	-1.61071E-8	2.29400E-4
1.71000E+0	-2.06371E-8	2.80500E-4
1.99500E+0	-2.01340E-8	3.31400E-4
2.28000E+0	-2.31539E-8	3.83300E-4
2.56500E+0	-3.27174E-8	4.32600E-4
2.85000E+0	-1.96309E-8	4.83400E-4
3.13500E+0	-1.51014E-8	5.35300E-4
3.42000E+0	-4.27843E-8	5.86500E-4
3.70500E+0	-3.32214E-8	6.38800E-4
3.99000E+0	-2.21483E-8	6.88400E-4
4.27500E+0	-2.06378E-8	7.39800E-4
4.56000E+0	-1.40945E-8	7.91900E-4
4.84500E+0	-3.32206E-8	8.43000E-4
5.13000E+0	-1.51007E-8	8.93600E-4
5.41500E+0	-2.16440E-8	9.44600E-4
5.70000E+0	-2.01335E-8	9.95900E-4
5.98500E+0	-2.81867E-8	1.04850E-3
6.27000E+0	-2.41604E-8	1.10130E-3
6.55500E+0	-1.10739E-8	1.15160E-3
6.84000E+0	-4.53001E-8	1.20310E-3
7.12500E+0	-2.76837E-8	1.25540E-3
7.41000E+0	-2.81873E-8	1.30780E-3
7.69500E+0	-2.36575E-8	1.35970E-3
7.98000E+0	-2.81875E-8	1.41050E-3
8.26500E+0	-3.42273E-8	1.46080E-3
8.55000E+0	-2.06375E-8	1.51270E-3
8.83500E+0	-1.91277E-8	1.56480E-3
9.12000E+0	-2.56710E-8	1.61660E-3
9.40500E+0	-1.40942E-8	1.66730E-3
9.69000E+0	-1.61075E-8	1.71930E-3
9.97500E+0	-1.66108E-8	1.77060E-3
1.02600E+1	-2.96973E-8	1.82380E-3
1.05450E+1	-1.76174E-8	1.87490E-3
1.08300E+1	-1.81207E-8	1.92650E-3
1.11150E+1	5.53562E-9	1.97870E-3
1.14000E+1	4.52876E-9	2.03210E-3
1.16850E+1	-1.45976E-8	2.08780E-3
1.19700E+1	-1.91275E-8	2.14190E-3
1.22550E+1	-1.00676E-8	2.19800E-3
1.25400E+1	-1.56039E-8	2.25690E-3
1.28250E+1	-1.20805E-8	2.31690E-3
1.31100E+1	-9.56384E-9	2.37970E-3
1.33950E+1	-5.03681E-10	2.44250E-3
1.36800E+1	-3.07033E-8	2.50620E-3
1.39650E+1	-1.86236E-8	2.57350E-3
1.42500E+1	-9.06034E-9	2.64050E-3
1.45350E+1	-1.51107E-9	2.71520E-3
1.48200E+1	-3.52438E-9	2.79040E-3
1.51050E+1	-2.46642E-8	2.86460E-3
1.53900E+1	-7.04783E-9	2.94440E-3
1.56750E+1	-2.51789E-9	3.03480E-3
1.59600E+1	-1.61077E-8	3.11800E-3
1.62450E+1	-2.31543E-8	3.21450E-3
1.65300E+1	-1.81207E-8	3.31610E-3
1.68150E+1	-1.00675E-8	3.41530E-3
1.71000E+1	-1.71143E-8	3.52890E-3
1.73850E+1	-1.35910E-8	3.63100E-3
1.76700E+1	-2.61742E-8	3.75020E-3
1.79550E+1	-1.00678E-8	3.87120E-3
1.82400E+1	-1.91277E-8	4.01040E-3
1.85250E+1	-1.91276E-8	4.15320E-3
1.88100E+1	-4.02785E-9	4.32230E-3
1.90950E+1	-2.46639E-8	4.50820E-3
1.93800E+1	-1.00674E-8	4.67090E-3
1.96650E+1	-3.47306E-8	4.97140E-3
1.99500E+1	-1.40942E-8	5.22460E-3
2.02350E+1	-1.15777E-8	5.56900E-3
2.05200E+1	-1.25844E-8	6.66420E-3
2.08050E+1	-1.05713E-8	7.39920E-3
2.10900E+1	-2.51807E-9	6.79920E-3
2.13750E+1	2.91915E-8	7.21390E-3
2.16600E+1	5.98945E-8	7.30950E-3
2.19450E+1	1.10730E-7	8.68320E-3
2.22300E+1	2.18946E-7	8.69680E-3
2.25150E+1	3.64407E-7	1.01152E-2
2.28000E+1	6.10031E-7	1.01965E-2
2.30850E+1	9.46253E-7	1.30782E-2
2.31990E+1	1.18886E-6	1.06831E-2
2.33130E+1	1.42844E-6	1.04707E-2
2.34270E+1	1.71836E-6	1.01964E-2
2.35410E+1	2.06616E-6	9.85350E-3
2.36550E+1	2.46379E-6	1.02447E-2
2.37690E+1	2.85739E-6	1.07453E-2
2.38830E+1	3.32598E-6	1.11718E-2
2.39970E+1	3.86454E-6	1.10198E-2
2.40540E+1	4.19875E-6	1.10527E-2
2.39915E+1	3.89222E-6	1.09508E-2
2.39290E+1	3.57462E-6	1.07510E-2
2.38665E+1	3.34511E-6	1.09265E-2
2.38040E+1	3.05771E-6	1.05970E-2
2.37415E+1	2.84933E-6	1.05573E-2
2.36790E+1	2.63693E-6	1.04412E-2
2.36165E+1	2.41144E-6	1.04513E-2
2.35540E+1	2.22219E-6	1.02372E-2
2.34915E+1	2.03696E-6	9.94870E-3
2.34290E+1	1.86935E-6	9.54190E-3
2.33665E+1	1.71936E-6	9.71400E-3
2.33040E+1	1.58095E-6	9.49310E-3
2.32415E+1	1.44908E-6	9.48290E-3
2.31790E+1	1.31217E-6	9.06420E-3
2.31165E+1	1.16822E-6	9.14340E-3
2.30540E+1	1.05799E-6	9.03600E-3
2.29915E+1	9.81487E-7	8.96820E-3
2.29290E+1	8.97431E-7	8.94860E-3
2.28665E+1	8.01800E-7	8.73760E-3
2.28040E+1	7.20261E-7	8.60340E-3
2.27415E+1	6.36709E-7	8.73690E-3
2.26790E+1	5.84866E-7	8.46540E-3
2.26165E+1	5.17420E-7	8.48110E-3
2.25540E+1	4.59034E-7	8.35940E-3
2.24915E+1	4.17258E-7	8.51890E-3
2.24290E+1	3.60382E-7	8.15060E-3
2.23665E+1	3.22129E-7	8.26660E-3
2.23040E+1	2.91426E-7	8.09930E-3
2.22415E+1	2.63743E-7	8.05470E-3
2.21790E+1	2.40086E-7	8.06650E-3
2.21165E+1	2.15423E-7	7.66890E-3
2.20540E+1	1.87740E-7	7.56310E-3
2.19915E+1	1.75661E-7	7.54420E-3
2.19290E+1	1.51501E-7	7.39240E-3
2.18665E+1	1.37911E-7	7.36080E-3
2.18040E+1	1.14758E-7	7.29360E-3
2.17415E+1	1.18281E-7	7.21100E-3
2.16790E+1	8.65714E-8	7.30820E-3
2.16165E+1	8.20413E-8	7.01430E-3
2.15540E+1	5.28484E-8	7.31870E-3
2.14915E+1	5.83845E-8	7.49680E-3
2.14290E+1	6.14045E-8	7.39700E-3
2.13665E+1	2.11384E-8	7.16520E-3
2.13040E+1	4.02649E-8	6.89220E-3
2.12415E+1	1.81185E-8	6.95020E-3
2.11790E+1	1.81188E-8	6.89810E-3
2.11165E+1	1.50904E-9	6.80130E-3
2.10540E+1	1.81192E-8	6.86620E-3
2.09915E+1	-6.04050E-9	6.72970E-3
2.09290E+1	4.52918E-9	6.45300E-3
2.08665E+1	-1.51080E-9	6.60010E-3
2.08040E+1	1.15757E-8	6.37400E-3
2.07415E+1	6.03899E-9	6.37590E-3
2.06790E+1	9.05895E-9	6.06120E-3
2.06165E+1	5.02078E-10	6.00420E-3
2.05540E+1	1.40919E-8	5.97390E-3
2.04915E+1	1.15754E-8	5.90650E-3
2.04290E+1	3.52213E-9	5.84660E-3
2.03665E+1	1.40922E-8	5.78410E-3
2.02415E+1	2.61721E-8	5.58040E-3
2.01165E+1	1.71119E-8	5.50510E-3
1.99915E+1	2.81853E-8	5.47580E-3
1.98665E+1	3.01986E-8	5.27510E-3
1.97415E+1	1.45958E-8	5.21330E-3
1.96165E+1	1.15758E-8	5.05180E-3
1.94915E+1	2.41588E-8	5.01200E-3
1.93665E+1	1.10723E-8	4.81700E-3
1.92415E+1	1.25823E-8	4.73950E-3
1.91165E+1	2.76821E-8	4.63230E-3
1.89915E+1	2.21455E-8	4.43340E-3
1.88665E+1	2.51651E-8	4.37270E-3
1.87415E+1	2.96951E-8	4.28540E-3
1.86165E+1	2.26487E-8	4.20200E-3
1.84915E+1	1.86220E-8	4.14780E-3
1.83665E+1	2.96953E-8	4.08200E-3
1.82415E+1	-9.37966E-13	4.02520E-3
1.81165E+1	1.50988E-8	3.93440E-3
1.79915E+1	1.20788E-8	3.89450E-3
1.78665E+1	1.76157E-8	3.84750E-3
1.77415E+1	1.10725E-8	3.77840E-3
1.76165E+1	1.76156E-8	3.71920E-3
1.74915E+1	1.86225E-8	3.67890E-3
1.73665E+1	2.56691E-8	3.63030E-3
1.72415E+1	2.86893E-8	3.56560E-3
1.71165E+1	1.86227E-8	3.50800E-3
1.69915E+1	3.52226E-9	3.47080E-3
1.68665E+1	1.76154E-8	3.43080E-3
1.67415E+1	1.35887E-8	3.38690E-3
1.66165E+1	8.55547E-9	3.34160E-3
1.64915E+1	1.91253E-8	3.29040E-3
1.63665E+1	1.81185E-8	3.24870E-3
1.62415E+1	5.53533E-9	3.21070E-3
1.61165E+1	4.02554E-9	3.17910E-3
1.59915E+1	2.16420E-8	3.13630E-3
1.58665E+1	8.55536E-9	3.08560E-3
1.57415E+1	3.82516E-8	3.05160E-3
1.56165E+1	1.50982E-8	3.01520E-3
1.54915E+1	1.61048E-8	2.97020E-3
1.53665E+1	3.52311E-8	2.93080E-3
1.52415E+1	2.51646E-8	2.89100E-3
1.51165E+1	2.41584E-8	2.85650E-3
1.49915E+1	1.76155E-8	2.81990E-3
1.48665E+1	4.02652E-8	2.79130E-3
1.47415E+1	3.22123E-8	2.75950E-3
1.46165E+1	4.27822E-8	2.72710E-3
1.44915E+1	2.81857E-8	2.69580E-3
1.43665E+1	4.12722E-8	2.65920E-3
1.42415E+1	3.57353E-8	2.63220E-3
1.41165E+1	2.16421E-8	2.60020E-3
1.39915E+1	1.05688E-8	2.57220E-3
1.38665E+1	1.86221E-8	2.54190E-3
1.37415E+1	2.76820E-8	2.51110E-3
1.36165E+1	1.76156E-8	2.48170E-3
1.34915E+1	3.47287E-8	2.45270E-3
1.31790E+1	2.71789E-8	2.38090E-3
1.28665E+1	1.66090E-8	2.31420E-3
1.25540E+1	8.55577E-9	2.24840E-3
1.22415E+1	3.52250E-9	2.18390E-3
1.19290E+1	1.45957E-8	2.12170E-3
1.16165E+1	1.15757E-8	2.06140E-3
1.13040E+1	-3.02086E-9	2.00210E-3
1.09915E+1	2.36553E-8	1.94370E-3
1.06790E+1	3.72451E-8	1.88700E-3
1.03665E+1	2.21452E-8	1.83040E-3
1.00540E+1	2.31518E-8	1.77450E-3
9.74150E+0	1.10718E-8	1.71860E-3
9.42900E+0	2.21450E-8	1.66260E-3
9.11650E+0	-5.04839E-10	1.60730E-3
8.80400E+0	2.46615E-8	1.55080E-3
8.49150E+0	1.50983E-8	1.49540E-3
8.17900E+0	1.66088E-8	1.43940E-3
7.86650E+0	2.46621E-8	1.38410E-3
7.55400E+0	1.25821E-8	1.32740E-3
7.24150E+0	1.50988E-8	1.27140E-3
6.92900E+0	5.02621E-10	1.21660E-3
6.61650E+0	6.54254E-9	1.16050E-3
6.30400E+0	1.91256E-8	1.10600E-3
5.99150E+0	2.26489E-8	1.05050E-3
5.67900E+0	3.17084E-8	9.94900E-4
5.36650E+0	2.36552E-8	9.38500E-4
5.05400E+0	2.21455E-8	8.83100E-4
4.74150E+0	1.40921E-8	8.26600E-4
4.42900E+0	2.81853E-8	7.71000E-4
4.11650E+0	1.30855E-8	7.16200E-4
3.80400E+0	2.41587E-8	6.60400E-4
3.49150E+0	1.61055E-8	6.05400E-4
3.17900E+0	9.05892E-9	5.49600E-4
2.86650E+0	2.51647E-8	4.94300E-4
2.55400E+0	2.51647E-8	4.38800E-4
2.24150E+0	-5.04727E-10	3.83400E-4
1.92900E+0	8.05163E-9	3.26700E-4
1.61650E+0	2.41581E-8	2.71000E-4
1.30400E+0	2.36546E-8	2.15700E-4
9.91500E-1	2.61713E-8	1.59800E-4
6.79000E-1	1.86218E-8	1.05000E-4
3.66500E-1	1.15752E-8	4.99000E-5
5.40000E-2	1.40917E-8	1.60000E-6
0.00000E+0	3.01981E-8	1.90000E-6
0.00000E+0	1.56019E-8	1.90000E-6
0.00000E+0	9.05865E-9	1.70000E-6
0.00000E+0	1.40918E-8	1.70000E-6
0.00000E+0	3.37215E-8	1.70000E-6
0.00000E+0	3.62382E-8	1.60000E-6
